0 0
24 0
45 0
129 0
142 0
157 0
171 0
177 0
218 0
388 0
516 0
547 0
549 0
557 0
622 0
726 0
727 0
858 0
864 0
887 0
938 0
1029 0
1042 0
1072 0
1091 0
1137 0
1176 0
1198 0
1225 0
1230 0
1241 0
1269 0
1286 0
1307 0
1319 0
1328 0
1329 0
1331 0
1333 0
1352 0
1355 0
1363 0
1365 0
1371 0
1406 0
1494 0
1507 0
1560 0
14 1
15 1
19 1
241 1
376 1
509 1
570 1
742 1
1016 1
1017 1
1081 1
1182 1
1217 1
1219 1
1256 1
1259 1
1290 1
1301 1
1305 1
1336 1
1348 1
1374 1
1391 1
1399 1
1409 1
3 2
57 2
273 2
288 2
721 2
818 2
849 2
962 2
1130 2
1131 2
1197 2
1239 2
1298 2
1338 2
1347 2
1382 2
1407 2
1418 2
1428 2
1438 2
1495 2
1542 2
1569 2
1572 2
1 3
99 3
369 3
413 3
451 3
859 3
992 3
1065 3
1178 3
1214 3
1343 3
1344 3
1369 3
1506 3
60 4
66 4
170 4
210 4
313 4
488 4
492 4
656 4
882 4
953 4
1196 4
1232 4
1281 4
1372 4
1394 4
1458 4
1545 4
1547 4
1580 4
74 5
279 5
350 5
357 5
588 5
677 5
730 5
1066 5
1092 5
1124 5
1179 5
1187 5
1318 5
1393 5
1517 5
26 6
35 6
96 6
110 6
117 6
174 6
198 6
430 6
780 6
1052 6
1304 6
1416 6
12 7
20 7
22 7
158 7
475 7
561 7
782 7
791 7
802 7
1008 7
1152 7
1153 7
1207 7
1215 7
1218 7
1261 7
1339 7
82 8
298 8
321 8
611 8
743 8
1097 8
1169 8
1173 8
1185 8
1188 8
1228 8
1356 8
1483 8
17 9
65 9
352 9
565 9
718 9
944 9
964 9
1000 9
1088 9
1110 9
1174 9
1189 9
1191 9
1194 9
1199 9
1385 9
1414 9
1564 9
1568 9
125 10
440 10
453 10
896 10
998 10
1032 10
1146 10
1155 10
1186 10
1350 10
1405 10
1439 10
1582 10
324 11
396 11
517 11
1149 11
1314 11
1466 11
1546 11
29 12
98 12
220 12
405 12
616 12
879 12
916 12
997 12
1166 12
1177 12
1234 12
1500 12
379 13
1411 13
1413 13
1511 13
30 14
76 14
166 14
231 14
300 14
419 14
712 14
749 14
1079 14
1172 14
1192 14
1254 14
1265 14
1358 14
1515 14
1526 14
1581 14
78 15
85 15
368 15
595 15
921 15
1058 15
1067 15
1205 15
1208 15
1297 15
1412 15
1430 15
7 16
224 16
234 16
364 16
481 16
600 16
619 16
774 16
907 16
922 16
976 16
1375 16
1504 16
945 17
1080 17
1212 17
1472 17
190 18
307 18
988 18
1139 18
1486 18
64 19
148 19
280 19
479 19
480 19
1025 19
1062 19
1437 19
1505 19
1562 19
2 20
185 20
556 20
661 20
1115 20
1181 20
1502 20
132 21
295 21
403 21
714 21
747 21
1266 21
391 22
659 22
708 22
178 23
664 23
926 23
1184 23
179 24
1456 24
213 25
275 25
770 25
956 25
1055 25
1165 25
1204 25
1425 25
1566 25
55 26
330 26
432 26
462 26
652 26
748 26
824 26
872 26
1164 26
1419 26
1449 26
1450 26
1451 26
1523 26
679 27
725 27
843 27
844 27
959 27
1183 27
1202 27
1321 27
1349 27
1478 27
1488 27
175 28
207 28
322 28
458 28
538 28
1129 28
1378 28
5 29
75 29
121 29
137 29
201 29
237 29
244 29
264 29
378 29
382 29
387 29
534 29
537 29
544 29
930 29
1034 29
1083 29
1249 29
1379 29
1554 29
1557 29
1575 29
33 30
42 30
50 30
67 30
301 30
478 30
590 30
636 30
741 30
794 30
1001 30
1020 30
1210 30
1244 30
1360 30
1373 30
21 31
56 31
1180 31
1299 31
1309 31
1443 31
1462 31
1524 31
257 32
789 32
857 32
924 32
951 32
1089 32
255 33
888 33
901 33
1303 33
1395 33
1434 33
1528 33
1530 33
1537 33
968 34
404 35
680 35
908 35
929 35
963 35
1045 35
1397 35
1455 35
385 36
1357 36
1460 36
28 37
246 37
320 37
657 37
1272 37
147 38
266 38
775 38
920 38
955 38
1085 38
1398 38
1485 38
31 39
342 39
1408 39
846 40
852 40
927 40
1041 40
105 41
399 41
701 41
984 41
1053 41
1143 41
263 42
1235 42
548 43
663 43
833 43
834 43
836 43
40 44
83 44
763 44
1132 44
856 45
1159 45
1170 45
501 46
799 46
1160 46
1201 46
316 47
752 47
1050 47
803 48
860 48
975 48
18 49
487 49
490 49
990 49
1136 49
1442 49
1567 49
270 50
493 50
607 50
869 50
1512 50
51 51
502 51
705 51
768 51
931 51
397 52
764 52
1023 52
1101 52
1127 52
365 53
416 53
792 53
917 53
934 53
1327 53
526 54
681 54
744 54
832 54
1156 54
4 55
9 55
59 55
223 55
318 55
496 55
503 55
762 55
783 55
895 55
905 55
946 55
980 55
987 55
1211 55
1268 55
1296 55
1446 55
1565 55
1583 55
46 56
102 56
484 56
651 56
933 56
1579 56
36 57
87 57
128 57
315 57
1024 57
169 58
346 58
460 58
772 58
1294 58
1487 58
277 59
474 59
939 59
202 60
204 60
520 60
1114 60
375 61
445 61
448 61
1229 61
68 62
243 62
668 62
821 62
890 62
286 63
362 63
995 63
1113 63
93 64
360 64
703 64
756 64
891 64
983 64
1004 64
1330 64
160 65
289 65
337 65
621 65
784 65
1013 65
1030 65
1105 65
8 66
141 66
193 66
247 66
776 66
790 66
881 66
1231 66
1334 66
245 67
532 67
738 67
796 67
1044 67
1264 67
1402 67
1491 67
235 68
1056 68
1162 68
70 69
305 69
579 69
1133 69
1223 69
1577 69
285 70
816 70
1161 70
1525 70
62 71
1390 71
265 72
392 72
447 72
740 72
958 72
482 73
566 73
11 74
438 74
1213 74
1220 74
1477 74
1520 74
227 75
258 75
555 75
979 75
1151 75
1168 75
1171 75
143 76
530 76
700 76
766 76
1084 76
366 77
508 77
672 77
746 77
97 78
390 78
972 78
1167 78
1420 78
150 79
518 79
553 79
928 79
965 79
69 80
114 80
251 80
436 80
485 80
529 80
644 80
654 80
937 80
1123 80
1175 80
1238 80
1308 80
1417 80
1454 80
73 81
124 81
761 81
1209 81
119 82
287 82
467 82
601 82
985 82
1073 82
1283 82
1300 82
1498 82
195 83
340 83
505 83
620 83
32 84
238 84
294 84
511 84
687 84
904 84
1125 84
1126 84
1140 84
1141 84
1154 84
1157 84
1226 84
1311 84
79 85
95 85
145 85
149 85
165 85
252 85
339 85
394 85
421 85
442 85
465 85
472 85
527 85
603 85
716 85
942 85
970 85
999 85
1039 85
1138 85
1252 85
1267 85
1285 85
1306 85
1376 85
1377 85
1429 85
1452 85
1476 85
1513 85
1518 85
550 86
615 86
837 86
978 86
1280 86
100 87
122 87
650 87
842 87
1063 87
81 88
1539 88
27 89
345 89
811 89
1423 89
182 90
513 90
1099 90
293 91
398 91
1510 91
43 92
156 92
233 92
624 92
863 92
84 93
154 93
409 93
1118 93
208 94
724 94
1250 94
1563 94
38 95
203 95
1245 95
1561 95
567 97
395 98
1037 98
53 99
292 99
853 99
1469 99
10 100
1221 100
1584 100
161 101
164 101
181 101
383 101
767 101
1295 101
1422 101
1427 101
1508 101
1288 102
414 103
669 103
1027 103
1370 103
90 105
361 105
510 105
1464 105
1527 106
814 107
817 107
954 107
216 108
353 108
831 108
1436 108
1492 108
58 109
130 109
804 109
911 109
1106 109
217 110
230 110
1541 110
113 111
617 111
1558 111
1134 112
1258 112
381 113
562 113
598 113
92 114
139 114
333 115
736 115
797 115
1051 115
1253 115
477 117
498 117
697 117
1571 117
136 118
630 118
707 118
1276 118
880 120
966 120
1544 120
262 121
317 121
1057 122
1222 122
1433 123
49 124
274 124
711 125
1054 125
1069 125
1195 126
168 127
103 128
348 128
427 128
1111 128
1047 129
1322 129
1457 129
1516 129
225 130
347 130
839 130
336 131
1033 131
1404 131
1448 137
101 157
596 165
582 169
739 170
1459 170
144 171
960 171
183 172
1068 172
1471 172
604 176
1465 177
1145 178
1453 178
807 179
994 183
1007 183
1312 185
936 186
6 187
1014 188
608 189
873 189
525 190
981 190
1121 191
1501 191
1534 191
1326 193
1396 194
393 196
1279 197
344 203
491 210
152 214
338 214
1070 214
1148 215
112 216
349 216
402 216
431 216
1237 216
463 217
977 219
788 222
1128 222
676 224
795 224
250 225
1519 225
196 226
785 226
884 230
423 231
256 233
533 233
808 234
39 238
146 239
1203 239
131 240
655 243
367 245
757 246
698 247
13 248
417 249
728 250
1009 250
903 251
260 253
411 253
560 256
1509 256
1368 258
278 260
580 261
667 263
1432 263
261 265
88 267
372 267
870 268
1112 268
308 269
192 270
629 270
699 271
543 273
107 274
120 274
647 274
435 275
184 276
1255 279
1076 280
1389 284
63 287
1490 287
1260 289
444 290
1570 291
914 292
1467 292
1342 293
649 296
1227 296
830 298
754 299
1190 361
1046 366
253 378
1359 385
155 386
1142 389
254 407
1293 416
1018 442
634 456
284 458
539 525
735 563
625 608
898 619
542 738
