1	3
3	2
5	29
7	16
9	55
11	74
13	80
15	1
17	9
19	1
21	31
23	147
25	279
27	89
29	12
31	39
33	30
35	6
37	536
39	70
41	234
43	92
47	178
49	124
51	51
53	99
55	26
57	2
59	55
61	234
63	119
65	9
67	30
69	80
71	236
73	81
75	29
77	139
79	85
81	88
83	44
85	15
87	57
89	409
91	136
93	64
95	85
97	78
99	3
101	48
103	128
105	41
107	106
109	303
111	229
113	111
115	408
117	6
119	82
121	29
123	316
125	10
127	149
131	72
133	194
135	177
137	29
139	114
141	66
143	76
145	85
147	38
149	85
151	186
153	239
155	50
159	263
161	101
163	311
165	85
167	988
169	58
173	579
175	28
179	24
181	101
183	4
185	20
187	266
189	181
191	140
193	66
195	83
197	254
199	154
201	29
203	95
205	250
207	28
209	328
211	300
213	25
215	336
217	110
219	142
221	211
223	55
225	130
227	75
229	487
231	14
233	92
235	68
237	29
239	214
241	1
243	62
245	67
247	66
249	335
251	80
253	42
255	33
257	32
259	202
261	97
263	42
265	72
267	304
269	410
271	369
273	2
275	25
277	59
279	5
281	268
283	427
285	70
287	82
289	65
291	152
293	91
295	21
297	314
299	255
301	30
303	291
305	69
307	18
309	177
311	260
313	4
315	57
317	121
319	204
321	8
323	165
325	141
327	527
329	146
331	520
333	115
335	134
337	65
339	85
341	348
343	476
345	89
347	130
349	48
351	149
353	108
355	371
357	5
359	513
361	105
363	164
365	53
367	77
369	3
371	132
373	204
375	61
377	232
379	13
381	113
383	101
385	36
387	29
389	148
391	22
393	28
395	98
397	52
399	41
401	296
403	21
405	12
407	249
409	93
411	85
413	3
415	142
417	81
419	14
421	85
423	63
425	144
427	128
429	351
431	48
433	149
435	107
437	300
439	234
441	165
443	242
445	61
447	72
449	161
451	3
453	10
455	215
457	409
459	574
461	350
463	49
465	85
467	82
469	286
471	165
473	149
475	7
477	117
479	19
481	16
483	318
485	80
487	49
489	208
491	42
493	50
495	235
497	530
499	272
501	46
503	55
505	83
507	236
509	1
511	84
513	90
515	353
517	11
519	142
521	433
523	161
525	22
527	85
529	80
531	240
533	65
535	233
537	29
539	80
541	153
543	105
545	229
551	460
553	79
555	75
559	370
561	7
563	460
565	9
567	97
569	138
571	315
573	148
575	400
577	134
579	69
581	236
583	148
585	163
587	545
589	173
591	239
593	138
595	15
597	149
599	230
601	82
603	85
605	132
607	50
609	165
611	8
613	414
615	86
617	111
619	16
621	65
623	366
625	104
627	313
629	102
631	305
633	324
635	151
637	290
639	159
641	177
643	552
645	149
647	106
649	128
651	56
653	244
655	75
657	37
659	22
661	20
663	43
665	184
667	95
669	103
671	278
673	364
675	452
677	5
679	27
681	54
683	533
685	308
687	84
689	220
691	136
693	401
695	187
697	117
699	103
701	41
703	64
705	51
707	118
709	419
711	125
713	263
715	148
717	160
719	467
721	2
723	182
725	27
729	224
731	195
733	508
735	59
737	317
739	2
741	30
743	8
745	485
747	21
749	14
751	221
753	287
755	161
757	78
759	216
761	81
763	44
765	203
767	101
769	141
771	514
773	344
775	38
777	371
779	318
781	169
783	55
785	58
787	250
789	32
791	7
793	342
795	56
797	115
799	46
801	246
803	48
805	359
807	11
809	279
811	89
813	377
815	207
817	107
819	417
821	62
823	508
825	217
827	328
829	373
831	108
833	43
835	531
837	86
839	130
841	201
843	27
845	235
847	256
849	2
851	196
853	99
855	279
857	32
859	3
861	290
863	92
865	197
867	632
869	50
871	184
873	21
875	303
877	721
879	12
881	66
883	353
885	450
889	300
891	64
893	226
895	55
897	310
899	356
901	33
903	83
905	55
907	16
909	327
911	109
913	186
915	409
917	53
919	271
921	15
923	170
925	366
927	40
929	35
931	51
933	56
935	378
937	80
939	59
941	210
943	134
945	17
947	424
949	182
951	32
953	4
955	38
957	158
959	27
961	165
963	35
965	79
967	243
969	147
971	227
973	178
975	48
977	51
979	75
981	22
983	64
985	82
987	55
989	311
991	237
993	174
995	63
997	12
999	85
1001	30
1003	142
1005	179
1007	74
1009	82
1011	202
1013	65
1015	246
1017	1
1019	283
1021	304
1023	52
1025	19
1027	103
1031	229
1033	22
1035	345
1037	98
1039	85
1041	40
1043	357
1045	35
1047	129
1049	240
1051	115
1053	41
1055	25
1057	13
1059	213
1061	175
1063	87
1065	3
1067	15
1069	125
1071	196
1073	82
1075	567
1077	471
1079	14
1081	1
1083	29
1085	38
1087	277
1089	32
1093	211
1095	432
1097	8
1099	90
1101	52
1103	205
1105	65
1107	378
1109	212
1111	19
1113	63
1115	20
1117	149
1119	415
1121	23
1123	80
1125	84
1127	52
1129	28
1131	2
1133	69
1135	558
1139	18
1141	84
1143	41
1145	10
1147	162
1149	11
1151	75
1153	7
1155	10
1157	84
1159	45
1161	70
1163	218
1165	25
1167	78
1169	8
1171	75
1173	8
1175	80
1177	12
1179	5
1181	20
1183	27
1185	8
1187	5
1189	9
1191	9
1193	152
1195	126
1197	2
1199	9
1201	46
1203	71
1205	15
1207	7
1209	81
1211	55
1213	74
1215	7
1217	1
1219	1
1221	100
1223	69
1227	128
1229	61
1231	66
1233	146
1235	42
1237	48
1239	2
1243	138
1245	95
1247	869
1249	29
1251	149
1253	115
1255	111
1257	247
1259	1
1261	7
1263	157
1265	14
1267	85
1271	395
1273	151
1275	384
1277	182
1279	29
1281	4
1283	82
1285	85
1287	391
1289	165
1291	239
1293	80
1295	101
1297	15
1299	31
1301	1
1303	33
1305	1
1309	31
1311	84
1313	240
1315	185
1317	187
1321	27
1323	282
1325	349
1327	53
1335	440
1337	234
1339	7
1341	412
1343	3
1345	371
1347	2
1349	27
1351	203
1353	793
1357	36
1359	49
1361	500
1367	173
1369	3
1373	30
1375	16
1377	85
1379	29
1381	649
1383	338
1385	9
1387	468
1389	116
1391	1
1393	5
1395	33
1397	35
1399	1
1401	150
1403	633
1405	10
1407	2
1409	1
1411	13
1413	13
1415	260
1417	80
1419	26
1421	278
1423	89
1425	25
1427	101
1429	85
1431	238
1433	123
1435	161
1437	19
1439	10
1441	217
1443	31
1445	132
1447	283
1449	26
1451	26
1453	69
1455	35
1457	129
1459	2
1461	297
1463	143
1465	9
1467	124
1469	99
1471	4
1473	430
1475	241
1477	74
1479	196
1481	448
1483	8
1485	38
1487	58
1489	300
1491	67
1493	329
1495	2
1497	172
1499	156
1501	23
1503	175
1505	19
1509	88
1511	13
1513	85
1515	14
1517	5
1519	57
1521	309
1523	26
1525	70
1527	106
1529	252
1531	891
1533	164
1535	148
1537	33
1539	88
1541	110
1543	187
1545	4
1547	4
1549	184
1551	132
1553	285
1555	335
1557	29
1559	149
1561	95
1563	94
1565	55
1567	49
1569	2
1571	117
1573	462
1575	29
1577	69
1579	56
1581	14
1583	55
