1	3
2	20
3	2
4	55
5	29
6	19
7	16
8	66
9	55
10	100
11	74
12	7
13	80
14	1
15	1
16	505
17	9
18	49
19	1
20	7
21	31
22	7
23	147
25	279
26	6
27	89
28	37
29	12
30	14
31	39
32	84
33	30
34	157
35	6
36	57
37	536
38	95
39	70
40	44
41	234
42	30
43	92
44	389
46	56
47	178
48	414
49	124
50	30
51	51
52	167
53	99
54	146
55	26
56	31
57	2
58	109
59	55
60	4
61	234
62	71
63	119
64	19
65	9
66	4
67	30
68	62
69	80
70	69
71	236
72	219
73	81
74	5
75	29
76	14
77	139
78	15
79	85
80	237
81	88
82	8
83	44
84	93
85	15
86	134
87	57
88	99
89	409
90	105
91	136
92	114
93	64
94	268
95	85
96	6
97	78
98	12
99	3
100	87
101	48
102	56
103	128
104	914
105	41
106	159
107	106
108	149
109	303
110	6
111	229
112	48
113	111
114	80
115	408
116	379
117	6
118	169
119	82
120	106
121	29
122	87
123	316
124	81
125	10
126	390
127	149
128	57
130	109
131	72
132	21
133	194
134	298
135	177
136	118
137	29
138	266
139	114
140	369
141	66
143	76
144	3
145	85
146	71
147	38
148	19
149	85
150	79
151	186
152	46
153	239
154	93
155	50
156	92
158	7
159	263
160	65
161	101
162	295
163	311
164	101
165	85
166	14
167	988
168	127
169	58
170	4
172	233
173	579
174	6
175	28
176	149
178	23
179	24
180	379
181	101
182	90
183	4
184	108
185	20
186	176
187	266
188	336
189	181
190	18
191	140
192	102
193	66
194	300
195	83
196	58
197	254
198	6
199	154
200	599
201	29
202	60
203	95
204	60
205	250
206	183
207	28
208	94
209	328
210	4
211	300
212	152
213	25
214	232
215	336
216	108
217	110
219	142
220	12
221	211
222	211
223	55
224	16
225	130
226	318
227	75
228	234
229	487
230	110
231	14
232	174
233	92
234	16
235	68
236	197
237	29
238	84
239	214
240	162
241	1
242	195
243	62
244	29
245	67
246	37
247	66
248	247
249	335
250	57
251	80
252	85
253	42
254	71
255	33
256	65
257	32
258	75
259	202
260	85
261	97
262	121
263	42
264	29
265	72
266	38
267	304
268	296
269	410
270	50
271	369
272	423
273	2
274	124
275	25
276	210
277	59
278	92
279	5
280	19
281	268
282	221
283	427
284	122
285	70
286	63
287	82
288	2
289	65
290	219
291	152
292	99
293	91
294	84
295	21
296	265
297	314
298	8
299	255
300	14
301	30
302	337
303	291
304	240
305	69
306	243
307	18
308	101
309	177
310	288
311	260
312	302
313	4
314	314
315	57
316	47
317	121
318	55
319	204
320	37
321	8
322	28
323	165
324	11
325	141
326	152
327	527
328	147
329	146
330	26
331	520
332	169
333	115
334	374
335	134
336	131
337	65
338	46
339	85
340	83
341	348
342	39
343	476
344	35
345	89
346	58
347	130
348	128
349	48
350	5
351	149
352	9
353	108
354	163
355	371
356	158
357	5
358	200
359	513
360	64
361	105
362	63
363	164
364	16
365	53
366	77
367	77
368	15
369	3
370	420
371	132
372	99
373	204
374	204
375	61
376	1
377	232
378	29
379	13
380	149
381	113
382	29
383	101
384	194
385	36
386	609
387	29
389	148
390	78
391	22
392	72
393	28
394	85
395	98
396	11
397	52
398	91
399	41
400	634
401	296
402	48
403	21
404	35
405	12
406	215
407	249
408	229
409	93
410	153
411	85
412	234
413	3
414	103
415	142
416	53
417	81
418	413
419	14
420	262
421	85
422	182
423	63
424	345
425	144
426	240
427	128
428	290
429	351
430	6
431	48
432	26
433	149
434	149
435	107
436	80
437	300
438	74
439	234
440	10
441	165
442	85
443	242
444	122
445	61
446	132
447	72
448	61
449	161
450	189
451	3
452	151
453	10
454	448
455	215
456	178
457	409
458	28
459	574
460	58
461	350
462	26
463	49
464	139
465	85
466	262
467	82
468	146
469	286
470	261
471	165
472	85
473	149
474	59
475	7
476	287
477	117
478	30
479	19
480	19
481	16
482	73
483	318
484	56
485	80
486	140
487	49
488	4
489	208
490	49
491	42
492	4
493	50
494	215
495	235
496	55
497	530
498	117
499	272
500	543
501	46
502	51
503	55
504	143
505	83
506	166
507	236
508	77
509	1
510	105
511	84
512	268
513	90
514	235
515	353
517	11
518	79
519	142
520	60
521	433
522	448
523	161
524	163
525	22
526	54
527	85
528	399
529	80
530	76
531	240
532	67
533	65
534	29
535	233
536	433
537	29
538	28
539	80
540	219
541	153
542	66
543	105
544	29
545	229
546	469
548	43
550	86
551	460
552	334
553	79
554	222
555	75
556	20
558	161
559	370
560	88
561	7
562	113
563	460
564	365
565	9
566	73
567	97
568	139
569	138
570	1
571	315
572	182
573	148
574	449
575	400
576	160
577	134
578	234
579	69
580	93
581	236
582	1
583	148
584	469
585	163
586	306
587	545
588	5
589	173
590	30
591	239
592	239
593	138
594	136
595	15
596	77
597	149
598	113
599	230
600	16
601	82
602	258
603	85
604	8
605	132
606	385
607	50
608	21
609	165
610	216
611	8
612	145
613	414
614	348
615	86
616	12
617	111
618	190
619	16
620	83
621	65
623	366
624	92
625	104
626	611
627	313
628	379
629	102
630	118
631	305
632	378
633	324
634	120
635	151
636	30
637	290
638	137
639	159
640	234
641	177
642	486
643	552
644	80
645	149
646	280
647	106
648	521
649	128
650	87
651	56
652	26
653	244
654	80
655	75
656	4
657	37
658	234
659	22
660	1455
661	20
662	244
663	43
664	23
665	184
666	381
667	95
668	62
669	103
670	168
671	278
672	77
673	364
674	402
675	452
676	56
677	5
678	560
679	27
680	35
681	54
682	290
683	533
684	427
685	308
686	218
687	84
688	339
689	220
690	239
691	136
692	267
693	401
694	558
695	187
696	241
697	117
698	79
699	103
700	76
701	41
702	438
703	64
704	322
705	51
706	459
707	118
708	22
709	419
710	178
711	125
712	14
713	263
714	21
715	148
716	85
717	160
718	9
719	467
720	142
721	2
722	303
723	182
724	94
725	27
728	82
729	224
730	5
731	195
732	178
733	508
734	430
735	59
736	115
737	317
738	67
739	2
740	72
741	30
742	1
743	8
744	54
745	485
746	77
747	21
748	26
749	14
750	357
751	221
752	47
753	287
754	131
755	161
756	64
757	78
758	265
759	216
760	566
761	81
762	55
763	44
764	52
765	203
766	76
767	101
768	51
769	141
770	25
771	514
772	58
773	344
774	16
775	38
776	66
777	371
778	154
779	318
780	6
781	169
782	7
783	55
784	65
785	58
786	292
787	250
788	54
789	32
790	66
791	7
792	53
793	342
794	30
795	56
796	67
797	115
798	156
799	46
800	220
801	246
802	7
803	48
804	109
805	359
806	222
807	11
808	66
809	279
810	238
811	89
812	237
813	377
814	107
815	207
816	70
817	107
818	2
819	417
820	409
821	62
822	166
823	508
824	26
825	217
826	148
827	328
828	192
829	373
830	130
831	108
832	54
833	43
834	43
835	531
836	43
837	86
838	179
839	130
840	286
841	201
842	87
843	27
844	27
845	235
846	40
847	256
848	146
849	2
850	375
851	196
852	40
853	99
854	234
855	279
856	45
857	32
859	3
860	48
861	290
862	197
863	92
865	197
866	151
867	632
868	192
869	50
870	100
871	184
872	26
873	21
874	271
875	303
876	647
877	721
878	223
879	12
880	120
881	66
882	4
883	353
884	62
885	450
886	563
888	33
889	300
890	62
891	64
892	234
893	226
894	777
895	55
896	10
897	310
898	115
899	356
900	559
901	33
902	149
903	83
904	84
905	55
906	228
907	16
908	35
909	327
910	475
911	109
912	306
913	186
914	124
915	409
916	12
917	53
918	212
919	271
920	38
921	15
922	16
923	170
924	32
925	366
926	23
927	40
928	79
929	35
930	29
931	51
932	215
933	56
934	53
935	378
936	18
937	80
939	59
940	152
941	210
942	85
943	134
944	9
945	17
946	55
947	424
948	292
949	182
950	173
951	32
952	271
953	4
954	107
955	38
956	25
957	158
958	72
959	27
960	3
961	165
962	2
963	35
964	9
965	79
966	120
967	243
968	34
969	147
970	85
971	227
972	78
973	178
974	160
975	48
976	16
977	51
978	86
979	75
980	55
981	22
982	431
983	64
984	41
985	82
986	136
987	55
988	18
989	311
990	49
991	237
992	3
993	174
994	15
995	63
996	216
997	12
998	10
999	85
1000	9
1001	30
1002	149
1003	142
1004	64
1005	179
1006	151
1007	74
1008	7
1009	82
1010	179
1011	202
1012	508
1013	65
1014	20
1015	246
1016	1
1017	1
1018	106
1019	283
1020	30
1021	304
1022	246
1023	52
1024	57
1025	19
1026	429
1027	103
1028	346
1030	65
1031	229
1032	10
1033	22
1034	29
1035	345
1036	608
1037	98
1038	172
1039	85
1040	174
1041	40
1043	357
1044	67
1045	35
1046	30
1047	129
1048	199
1049	240
1050	47
1051	115
1052	6
1053	41
1054	125
1055	25
1056	68
1057	13
1058	15
1059	213
1060	324
1061	175
1062	19
1063	87
1064	140
1065	3
1066	5
1067	15
1068	4
1069	125
1070	46
1071	196
1073	82
1074	389
1075	567
1076	112
1077	471
1078	212
1079	14
1080	17
1081	1
1082	176
1083	29
1084	76
1085	38
1086	203
1087	277
1088	9
1089	32
1090	253
1092	5
1093	211
1094	165
1095	432
1096	330
1097	8
1098	135
1099	90
1100	294
1101	52
1102	229
1103	205
1104	223
1105	65
1106	109
1107	378
1108	186
1109	212
1110	9
1111	19
1112	100
1113	63
1114	60
1115	20
1116	172
1117	149
1118	93
1119	415
1120	281
1121	23
1122	136
1123	80
1124	5
1125	84
1126	84
1127	52
1128	54
1129	28
1130	2
1131	2
1132	44
1133	69
1134	112
1135	558
1136	49
1138	85
1139	18
1140	84
1141	84
1142	53
1143	41
1144	155
1145	10
1146	10
1147	162
1148	47
1149	11
1150	341
1151	75
1152	7
1153	7
1154	84
1155	10
1156	54
1157	84
1158	246
1159	45
1160	46
1161	70
1162	68
1163	218
1164	26
1165	25
1166	12
1167	78
1168	75
1169	8
1170	45
1171	75
1172	14
1173	8
1174	9
1175	80
1177	12
1178	3
1179	5
1180	31
1181	20
1182	1
1183	27
1184	23
1185	8
1186	10
1187	5
1188	8
1189	9
1190	25
1191	9
1192	14
1193	152
1194	9
1195	126
1196	4
1197	2
1199	9
1200	232
1201	46
1202	27
1203	71
1204	25
1205	15
1206	471
1207	7
1208	15
1209	81
1210	30
1211	55
1212	17
1213	74
1214	3
1215	7
1216	148
1217	1
1218	7
1219	1
1220	74
1221	100
1222	122
1223	69
1224	147
1226	84
1227	128
1228	8
1229	61
1231	66
1232	4
1233	146
1234	12
1235	42
1236	424
1237	48
1238	80
1239	2
1240	236
1242	143
1243	138
1244	30
1245	95
1246	229
1247	869
1248	134
1249	29
1250	94
1251	149
1252	85
1253	115
1254	14
1255	111
1256	1
1257	247
1258	112
1259	1
1260	121
1261	7
1262	140
1263	157
1264	67
1265	14
1266	21
1267	85
1268	55
1270	231
1271	395
1272	37
1273	151
1274	309
1275	384
1276	118
1277	182
1278	156
1279	29
1280	86
1281	4
1282	160
1283	82
1284	377
1285	85
1287	391
1288	14
1289	165
1290	1
1291	239
1292	159
1293	80
1294	58
1295	101
1296	55
1297	15
1298	2
1299	31
1300	82
1301	1
1302	321
1303	33
1304	6
1305	1
1306	85
1308	80
1309	31
1310	189
1311	84
1312	17
1313	240
1314	11
1315	185
1316	205
1317	187
1318	5
1320	289
1321	27
1322	129
1323	282
1324	319
1325	349
1326	25
1327	53
1330	64
1332	176
1334	66
1335	440
1336	1
1337	234
1338	2
1339	7
1340	376
1341	412
1342	125
1343	3
1344	3
1345	371
1346	373
1347	2
1348	1
1349	27
1350	10
1351	203
1353	793
1354	148
1356	8
1357	36
1358	14
1359	49
1360	30
1361	500
1362	167
1364	151
1366	306
1367	173
1368	90
1369	3
1370	103
1372	4
1373	30
1374	1
1375	16
1376	85
1377	85
1378	28
1379	29
1380	270
1381	649
1382	2
1383	338
1384	317
1385	9
1386	380
1387	468
1388	264
1389	116
1390	71
1391	1
1392	153
1393	5
1394	4
1395	33
1396	26
1397	35
1398	38
1399	1
1400	158
1401	150
1402	67
1403	633
1404	131
1405	10
1407	2
1408	39
1409	1
1410	226
1411	13
1412	15
1413	13
1414	9
1415	260
1416	6
1417	80
1418	2
1419	26
1420	78
1421	278
1422	101
1423	89
1424	157
1425	25
1426	401
1427	101
1428	2
1429	85
1430	15
1431	238
1432	95
1433	123
1434	33
1435	161
1436	108
1437	19
1438	2
1439	10
1440	204
1441	217
1442	49
1443	31
1444	203
1445	132
1446	55
1447	283
1448	28
1449	26
1450	26
1451	26
1452	85
1453	69
1454	80
1455	35
1456	24
1457	129
1458	4
1459	2
1460	36
1461	297
1462	31
1463	143
1464	105
1465	9
1466	11
1467	124
1468	234
1469	99
1470	365
1471	4
1472	17
1473	430
1474	208
1475	241
1476	85
1477	74
1478	27
1479	196
1480	353
1481	448
1482	261
1483	8
1484	166
1485	38
1486	18
1487	58
1488	27
1489	300
1490	119
1491	67
1492	108
1493	329
1495	2
1496	147
1497	172
1498	82
1499	156
1500	12
1501	23
1502	20
1503	175
1504	16
1505	19
1506	3
1508	101
1509	88
1510	91
1511	13
1512	50
1513	85
1514	654
1515	14
1516	129
1517	5
1518	85
1519	57
1520	74
1521	309
1522	135
1523	26
1524	31
1525	70
1526	14
1527	106
1528	33
1529	252
1530	33
1531	891
1532	342
1533	164
1534	23
1535	148
1536	312
1537	33
1538	293
1539	88
1540	135
1541	110
1542	2
1543	187
1544	120
1545	4
1546	11
1547	4
1548	442
1549	184
1550	251
1551	132
1552	210
1553	285
1554	29
1555	335
1556	250
1557	29
1558	111
1559	149
1561	95
1562	19
1563	94
1564	9
1565	55
1566	25
1567	49
1568	9
1569	2
1570	123
1571	117
1572	2
1573	462
1574	147
1575	29
1576	132
1577	69
1578	827
1579	56
1580	4
1581	14
1582	10
1583	55
1584	100
