5	1
7	2
9	2
11	3
13	5
17	1
21	2
23	3
25	3
27	1
31	2
33	1
37	8
39	2
41	2
43	4
47	3
49	3
51	1
53	5
55	2
59	1
61	2
63	4
65	1
67	3
69	1
71	6
73	3
75	1
77	5
79	1
81	2
83	2
87	2
89	8
91	2
93	3
95	1
97	4
101	3
103	3
105	2
107	3
109	4
111	5
113	5
115	7
119	3
121	1
123	3
127	1
131	3
133	6
135	3
137	1
139	2
141	1
143	2
145	1
147	2
149	1
151	1
153	3
155	4
159	7
161	5
163	9
165	1
167	26
169	1
173	8
175	2
179	2
181	4
185	1
187	4
189	3
191	2
193	1
195	2
197	5
199	1
201	1
203	2
205	3
207	1
209	4
211	4
213	1
215	4
217	2
219	3
221	7
223	1
225	6
227	3
229	9
231	1
233	1
235	2
237	1
239	3
243	1
245	3
247	2
249	6
251	1
253	2
255	1
257	1
259	5
261	1
263	1
265	3
267	9
269	9
271	7
275	1
277	1
281	8
283	7
285	3
287	3
289	2
291	4
293	3
295	1
297	3
299	4
301	1
303	3
305	1
307	1
309	6
311	5
315	2
317	3
319	4
321	1
323	2
325	4
327	10
329	6
331	8
333	5
335	5
337	2
339	1
341	4
343	5
345	3
347	2
349	1
351	1
353	5
355	7
359	10
361	4
363	3
365	1
367	4
371	3
373	3
375	1
377	8
379	1
381	3
383	5
385	2
387	1
389	5
391	1
393	1
395	2
397	1
399	2
401	6
403	1
407	8
409	2
411	3
415	5
417	3
419	1
421	1
423	3
425	5
427	5
429	11
431	2
433	1
435	4
437	4
439	5
441	2
443	2
445	1
447	2
449	6
455	3
457	4
459	10
461	4
463	2
465	4
467	3
469	5
471	3
473	1
475	1
477	6
479	1
481	2
483	3
485	1
487	1
489	8
491	1
493	3
495	6
497	8
499	5
501	3
503	1
505	2
507	6
511	1
513	3
515	7
517	1
519	5
521	10
523	2
525	1
527	1
529	1
531	8
533	3
535	3
537	1
539	4
541	5
543	3
545	2
551	8
553	1
555	2
559	13
563	7
567	2
569	5
571	3
573	6
575	4
577	5
579	1
581	3
583	5
585	3
587	12
589	4
591	3
593	4
595	1
597	1
599	6
601	2
603	1
605	3
607	1
609	2
611	1
613	10
615	2
617	2
619	1
621	2
623	4
625	2
627	8
629	3
631	5
633	6
635	3
637	5
639	1
641	3
643	18
645	5
647	3
649	3
651	1
653	6
655	3
657	3
659	1
661	1
663	2
665	3
667	4
669	4
671	5
673	6
675	3
681	1
683	7
685	9
687	4
689	6
691	3
693	8
695	3
697	3
699	5
701	1
703	3
705	2
707	4
709	6
711	1
713	2
715	2
717	8
719	12
723	7
725	1
729	6
731	4
733	10
735	2
737	3
741	2
743	1
745	7
747	1
749	1
751	9
753	5
755	6
757	5
759	4
761	2
763	2
765	3
767	4
769	4
771	12
773	8
775	1
777	5
779	7
781	6
783	1
785	2
787	3
789	1
791	1
793	8
795	2
797	4
799	2
801	5
803	1
805	6
809	6
811	2
813	7
815	4
817	4
819	10
821	2
823	9
825	6
827	4
829	3
831	6
833	3
835	9
837	4
839	8
841	4
843	1
845	2
847	3
851	7
853	3
855	3
857	1
861	5
863	3
865	5
867	11
869	2
871	3
873	1
875	7
877	25
879	1
881	3
883	13
885	7
889	7
891	1
893	4
895	1
897	6
899	8
901	1
903	2
905	1
907	1
909	4
911	2
913	7
915	7
917	1
919	8
921	2
923	4
925	6
927	2
929	3
931	2
933	2
935	6
937	1
939	1
941	4
943	6
945	1
947	8
949	3
951	2
955	1
957	6
959	1
961	2
963	2
965	5
967	4
969	5
971	8
973	3
975	3
977	4
979	3
981	1
983	1
985	4
987	2
989	7
991	3
993	4
995	4
997	1
999	1
1001	1
1003	3
1005	4
1007	4
1009	5
1011	4
1013	1
1015	9
1019	4
1021	5
1023	2
1025	1
1027	4
1031	2
1033	1
1035	11
1037	4
1039	1
1041	3
1043	10
1045	2
1047	2
1049	6
1051	3
1053	2
1055	1
1057	1
1059	7
1061	3
1063	5
1067	1
1069	1
1071	4
1073	3
1075	6
1077	6
1079	1
1083	1
1085	1
1087	11
1089	2
1093	4
1095	7
1097	1
1099	2
1101	2
1103	4
1105	3
1107	8
1109	5
1113	5
1115	1
1117	1
1119	6
1123	1
1125	4
1127	1
1129	1
1133	2
1135	16
1139	1
1141	4
1143	3
1147	6
1151	2
1155	1
1157	4
1159	2
1161	1
1163	9
1165	1
1167	1
1171	1
1175	1
1181	1
1183	1
1191	1
1193	2
1195	2
1199	1
1201	2
1203	3
1205	1
1209	1
1211	2
1213	1
1221	4
1223	1
1227	6
1229	2
1231	1
1233	5
1235	2
1237	2
1243	2
1245	2
1247	18
1249	1
1251	1
1253	5
1255	4
1257	9
1263	1
1265	1
1267	1
1271	6
1273	4
1275	11
1277	5
1279	2
1283	3
1285	1
1287	8
1289	2
1291	7
1293	3
1295	2
1297	1
1299	1
1303	1
1309	1
1311	2
1313	2
1315	7
1317	2
1321	2
1323	6
1325	4
1327	3
1335	15
1337	2
1341	9
1345	9
1349	2
1351	4
1353	20
1357	1
1359	2
1361	11
1367	4
1373	1
1375	1
1377	1
1379	1
1381	11
1383	10
1385	1
1387	7
1389	5
1395	1
1397	3
1401	3
1403	14
1411	1
1413	1
1415	11
1417	1
1419	2
1421	3
1423	2
1425	2
1427	3
1429	3
1431	2
1433	1
1435	3
1437	1
1441	3
1443	1
1445	2
1447	7
1449	1
1451	1
1453	3
1455	2
1457	4
1461	6
1463	8
1467	3
1469	3
1473	14
1475	4
1477	1
1479	11
1481	9
1485	1
1487	2
1489	8
1491	1
1493	4
1497	3
1499	1
1501	1
1503	2
1505	1
1509	2
1513	4
1515	1
1519	4
1521	5
1523	1
1525	1
1527	3
1529	4
1531	24
1533	5
1535	3
1537	2
1539	2
1541	2
1543	8
1549	3
1551	1
1553	4
1555	4
1557	1
1559	2
1561	2
1563	2
1565	1
1567	3
1571	2
1573	6
1575	1
1577	1
1579	2
1581	1
1583	1
