2	1
4	1
5	1
6	1
7	2
8	2
9	1
10	5
11	1
13	2
16	6
18	1
23	2
25	12
27	1
28	1
29	1
31	4
32	4
33	2
34	3
35	10
36	1
37	6
38	2
39	2
41	6
42	1
43	1
44	5
46	3
47	2
48	5
49	3
50	1
51	1
52	19
53	1
54	10
58	2
59	1
60	10
61	4
62	1
63	2
64	1
66	10
68	2
69	7
70	1
71	5
72	5
73	2
75	1
77	3
79	3
80	3
81	1
83	1
84	3
86	3
87	1
88	1
89	7
90	2
91	1
92	2
93	1
94	4
95	1
97	1
98	12
100	1
101	1
102	2
103	2
104	19
105	1
106	3
107	2
108	1
109	3
111	3
112	2
113	3
114	1
115	7
116	5
118	1
119	2
120	16
121	1
122	1
123	3
124	2
125	6
126	10
127	3
128	1
130	3
131	2
132	1
133	4
134	7
135	2
136	2
137	1
138	4
139	2
140	6
141	1
143	1
145	1
146	2
147	1
149	1
150	3
151	1
152	1
153	4
154	2
156	4
159	3
160	1
161	4
162	3
163	5
164	4
165	1
167	31
168	2
169	1
172	5
173	10
174	5
176	3
178	1
180	9
181	2
182	2
184	2
185	1
186	4
187	4
188	4
189	5
191	7
192	2
193	1
194	3
195	2
197	4
199	1
200	12
201	1
202	1
203	2
204	6
205	3
206	1
208	1
209	3
211	4
212	2
214	4
215	3
216	4
217	2
219	3
221	5
222	5
223	1
224	11
225	5
226	6
227	2
228	7
229	11
230	3
232	4
233	1
234	4
235	2
236	2
237	1
238	4
239	3
240	4
242	2
243	1
244	6
245	1
246	1
247	1
248	3
249	3
250	1
251	3
252	1
253	1
254	1
255	1
256	2
257	1
258	3
259	3
260	3
261	1
262	3
263	1
264	1
265	4
266	1
267	7
268	3
269	6
270	3
271	4
272	4
274	6
276	1
277	1
278	1
281	5
282	5
283	7
284	4
285	2
286	1
287	3
289	2
290	4
291	3
292	2
293	4
294	4
296	4
297	5
299	1
301	1
302	5
303	4
304	6
305	1
306	4
308	2
309	4
310	4
311	7
312	4
314	3
315	1
316	1
317	2
318	1
319	2
322	3
323	2
325	3
326	2
327	6
328	1
329	2
331	7
332	2
334	5
335	2
336	1
337	1
338	1
339	1
340	1
341	4
342	2
343	9
344	1
345	2
346	1
347	1
348	3
349	1
351	3
353	2
354	5
355	5
356	4
358	5
359	6
360	1
361	3
362	2
363	2
364	1
365	1
367	2
370	8
371	2
372	1
373	50
374	50
375	1
377	7
378	3
380	12
381	2
382	3
383	3
384	3
385	1
386	9
387	1
389	3
390	2
392	5
394	2
395	3
396	6
397	1
398	2
400	9
401	12
402	2
404	1
405	16
406	6
407	5
408	4
409	9
410	4
411	1
412	2
414	1
415	4
416	1
417	3
418	6
420	6
421	3
422	2
423	1
424	4
425	2
426	2
427	3
428	3
429	8
431	2
433	6
434	7
435	3
436	6
437	4
438	1
439	3
441	2
442	3
443	2
444	2
445	1
446	2
447	1
448	2
449	3
450	5
452	3
454	7
455	3
456	2
457	23
458	1
459	9
460	2
461	7
463	1
464	1
465	3
466	9
467	1
468	4
469	4
470	4
471	2
472	1
473	3
474	3
475	11
476	3
477	2
478	1
481	32
482	2
483	3
484	2
485	1
486	3
487	1
488	4
489	5
490	1
491	1
492	1
493	1
494	2
495	7
496	1
497	7
498	2
499	5
500	7
501	2
502	2
503	1
504	2
505	2
506	5
507	6
508	3
510	2
511	1
512	6
513	3
514	7
515	7
518	1
519	4
520	1
521	8
522	5
523	1
524	2
525	1
526	1
527	1
528	4
529	4
530	1
531	7
534	5
535	3
536	7
540	3
541	5
542	1
543	2
544	1
545	2
546	7
548	1
550	10
551	4
552	4
553	1
554	4
555	2
556	1
558	3
559	8
560	2
562	4
563	5
564	5
566	1
567	1
568	2
569	6
571	4
572	4
573	2
574	8
575	4
576	1
577	3
578	2
579	1
580	4
581	3
583	3
584	9
585	8
586	2
587	7
589	4
590	1
591	5
592	11
593	3
594	2
596	1
597	1
598	2
599	4
601	3
602	5
603	3
605	3
606	6
607	1
609	15
610	4
612	2
613	5
614	7
615	1
617	2
618	5
620	1
621	1
623	4
624	3
625	2
626	8
627	4
628	4
629	2
630	3
631	4
632	8
633	5
634	1
635	3
637	4
638	3
639	1
640	7
641	2
642	3
643	20
644	13
645	3
646	6
647	3
648	4
649	3
650	1
651	1
653	3
654	1
655	3
656	1
658	2
659	1
660	58
661	1
662	3
663	5
665	3
666	4
667	4
668	1
669	2
670	3
671	3
672	2
673	7
674	23
675	3
676	1
678	10
681	1
682	4
683	5
684	5
685	4
686	3
687	4
688	8
689	4
690	4
691	3
692	3
693	6
694	8
695	3
696	4
697	2
698	2
699	2
700	2
701	1
702	7
704	5
705	1
706	7
707	2
709	6
710	2
711	1
713	2
715	2
716	2
717	2
719	11
720	3
722	4
723	4
724	1
725	3
728	2
729	8
731	3
732	2
733	9
734	5
735	3
736	1
737	3
738	2
740	1
743	6
744	1
745	11
746	2
748	1
750	3
751	7
752	1
753	4
754	3
755	5
756	1
758	2
759	3
760	5
761	1
762	1
764	1
765	3
766	3
767	2
768	1
769	2
770	1
771	8
772	1
773	6
775	1
776	1
777	3
778	1
779	4
781	2
783	1
784	6
785	1
786	4
787	3
788	1
790	7
792	1
793	5
795	1
796	2
797	5
798	3
799	2
800	2
801	5
802	9
803	1
804	2
805	5
806	4
809	6
810	4
811	1
812	4
813	5
814	1
815	3
816	1
817	3
819	4
820	12
821	1
822	1
823	7
824	1
825	5
826	3
827	4
828	1
829	4
830	1
831	3
832	1
833	1
834	1
835	7
836	1
837	2
838	7
839	3
840	7
841	4
842	4
843	5
844	5
845	5
846	1
847	3
848	3
850	4
851	4
853	2
854	20
855	2
856	1
857	1
860	1
861	4
862	4
863	3
865	7
866	4
867	10
868	2
869	1
870	2
871	3
872	1
873	1
874	3
875	7
876	9
877	20
878	3
880	2
881	3
883	16
884	2
885	9
886	10
889	4
890	1
891	1
892	2
893	2
894	16
895	1
897	7
899	7
900	15
901	1
902	3
903	1
904	4
905	1
906	3
909	4
910	8
911	2
912	6
913	4
914	4
915	6
917	1
918	4
919	4
920	1
923	3
925	3
927	1
928	2
930	1
931	2
932	2
933	1
934	1
935	5
937	6
939	1
940	3
941	4
942	2
943	5
946	1
947	6
948	6
949	3
950	3
952	4
954	7
955	1
957	2
958	2
959	1
961	2
963	1
965	4
966	3
967	2
969	3
970	3
971	9
972	2
973	2
974	2
975	1
976	1
977	1
978	2
979	2
980	1
981	1
982	7
983	1
984	4
985	1
986	3
987	1
989	5
990	1
991	3
993	3
994	1
995	2
996	3
999	1
1001	1
1002	1
1003	2
1004	1
1005	1
1006	5
1007	2
1009	1
1010	7
1011	3
1012	7
1013	1
1015	5
1018	2
1019	3
1020	1
1021	6
1022	5
1023	1
1024	1
1025	3
1026	6
1027	2
1028	4
1030	1
1031	2
1034	6
1035	6
1036	13
1037	3
1038	2
1039	6
1040	7
1043	7
1044	1
1045	1
1047	2
1048	4
1049	6
1050	2
1051	3
1053	1
1054	4
1055	1
1056	2
1059	5
1060	5
1061	3
1063	1
1064	2
1069	1
1071	4
1073	2
1074	4
1075	9
1076	3
1077	5
1078	3
1080	1
1082	1
1083	3
1084	2
1085	1
1086	3
1087	6
1090	5
1093	3
1094	2
1095	7
1096	3
1098	3
1099	2
1100	4
1101	1
1102	7
1103	2
1104	4
1105	2
1106	3
1107	5
1108	3
1109	3
1112	2
1113	1
1114	2
1115	1
1116	3
1117	6
1118	3
1119	5
1120	4
1121	1
1122	4
1123	1
1125	8
1126	8
1127	1
1128	2
1129	1
1133	2
1134	2
1135	17
1136	1
1138	4
1139	1
1140	12
1141	12
1143	2
1144	4
1147	4
1148	1
1150	4
1151	1
1154	20
1156	1
1157	20
1158	2
1159	15
1161	3
1162	3
1163	4
1164	1
1167	3
1170	1
1171	1
1175	4
1183	1
1184	1
1188	11
1191	3
1193	2
1195	2
1200	2
1201	1
1202	1
1203	2
1206	5
1209	7
1210	1
1211	1
1213	2
1216	3
1220	3
1221	3
1222	2
1223	4
1224	5
1226	7
1227	2
1229	2
1231	13
1233	1
1235	1
1236	4
1237	1
1238	1
1240	4
1242	3
1243	2
1244	1
1245	5
1246	5
1247	19
1248	3
1249	1
1250	9
1251	5
1252	8
1253	1
1255	3
1257	9
1258	3
1260	3
1262	5
1263	2
1264	2
1267	1
1268	1
1270	4
1271	5
1272	1
1273	4
1274	8
1275	7
1276	2
1277	5
1278	4
1279	1
1280	2
1282	3
1283	2
1284	3
1285	2
1287	6
1289	2
1291	4
1292	3
1293	1
1294	1
1295	2
1296	1
1299	2
1300	2
1302	2
1303	1
1306	6
1308	1
1309	33
1310	4
1311	2
1313	3
1315	1
1316	2
1317	1
1320	4
1322	5
1323	3
1324	5
1325	2
1327	1
1330	1
1332	4
1334	1
1335	18
1337	2
1340	8
1341	7
1342	17
1345	5
1346	4
1351	2
1353	15
1354	4
1357	1
1359	1
1360	1
1361	8
1362	2
1364	1
1366	2
1367	15
1368	3
1370	3
1373	1
1376	5
1377	5
1378	1
1379	1
1380	5
1381	11
1383	6
1384	5
1386	5
1387	9
1388	3
1389	4
1390	1
1392	1
1395	1
1398	1
1400	5
1401	2
1402	1
1403	12
1404	5
1410	5
1415	8
1417	6
1419	1
1420	1
1421	3
1422	2
1423	1
1424	2
1425	2
1426	4
1427	1
1429	1
1430	3
1431	7
1432	1
1433	1
1434	5
1435	2
1436	2
1440	6
1441	2
1442	1
1444	4
1445	1
1446	1
1447	12
1449	1
1450	1
1451	1
1452	2
1453	1
1454	1
1455	1
1456	1
1457	2
1460	1
1461	5
1462	1
1463	2
1464	1
1467	3
1468	4
1469	1
1470	3
1473	8
1474	4
1475	2
1476	6
1477	1
1478	1
1479	3
1480	5
1481	8
1482	12
1484	3
1485	24
1487	1
1489	9
1490	4
1491	3
1492	2
1493	3
1496	2
1497	2
1498	2
1499	3
1500	1
1501	1
1503	2
1508	4
1509	2
1510	2
1512	1
1513	4
1514	15
1516	3
1518	1
1519	1
1520	1
1521	4
1522	2
1523	1
1524	1
1525	1
1527	2
1528	1
1529	3
1530	1
1531	18
1532	5
1533	3
1534	1
1535	3
1536	3
1538	3
1539	3
1540	2
1541	3
1543	4
1544	4
1546	27
1548	4
1549	5
1550	2
1551	1
1552	2
1553	7
1554	1
1555	41
1556	4
1557	1
1558	2
1559	2
1561	1
1562	1
1563	1
1565	1
1567	1
1570	1
1571	2
1573	5
1574	4
1575	1
1576	3
1577	1
1578	12
1579	2
1582	1
1583	1
1584	1
