0	1542 1165
000	751 695
007reflect	710 1156 708
07	1349
0r	1184
1	559 836 820 1210 1378 839 826 837 2 804 1335 797 120 1380 834 222 751 833 188 831
100	945
10000000	170
11	964
12	136 1163
15	411 685
16	1169 1149
19	1203
1900	877
1930	883
1963	1106
19703647039	1362
1a	210 216
1o0	1201
1st	1484 1389
2	327 1531 543 751 1475 359 1253 246 188 1484
20	1340
200	1087 883 877 954 900
2010	319
2016	1558 685
2018	1163 1035
2020	932 855 34 303 347 683 25 424
2348068104272	945
24	798 1192
267	751
28	1148 1172
2rjcullum	536
3	329
30	1151 543
32	696
3200	1353
39	477
3b	1169
3d	1215 1170 1185 1172
3ku111	303 310 639 695 900
3x	1383
4	1044 698 1160 1475 426 104 977
41	211 335 869 504 910 163 309 182 775 126 940 978 693 1004 1061 71 184 1578 1099 564 871 1022 104 1387 729 548 221 457 947 894 515 591 283 542 1274
41st	269 1536
42	477 1240
43	1415 477 910 504 221 894 869 302 372 729 1022 498 1310 978 1168
43rd	269 1536
44	477 518 1240
45	477 1415 894 18 184 968 925 63
45s	163
45th	884
47	985
483	751
4th	14
4yrs	572
5	861 1163 1519 985 1323 610 88
5000	1357
5062	1380
57	1369
6	466 1444 1253
699	1380
72	971
720lasvegas	925
7wks	466
8	971 267 1035
800	751
807	1380
84	817 747 537 523
850	695
86	968
9	964 128
90	505
91	89
911	808
94	89 1408
94yrs	660
9560	751
97	1369
aberto	898
able	1473 1135
abomination	853
abortion	767 919 103
abortions	43 23 446 832
absolutely	722 1314 1038
abundance	814
acabar	299
accept	1401
accomplish	658
according	1487
account	751 1063 1114
accused	685
acknowledge	689
aclarar	462
acontecer	903
acordo	898
across	894
act	1233 80 1493 1076 551 172 1473 709 418 163 935 815 559 823
acted	400
active	751
activity	878
actores	1324
actually	1380 670 618 583 877 1048 977
adam	723
add	375 1362 1221
addition	167
adecos	929
admiro	903
ado	1403
adversaries	335
af	1448
affection	494
affordable	10
afraid	56
afternoon	180
afterward	277
agar	1192
age	587 1340 1035 660
aged	1084 1106
agent	1509
ago	696 954 367 1444
agree	1314 67 819 1203 249 1291 315
agreed	158 449 1435
ahead	835
ahmadii	1428
aimless	826
aint	116
air	1460
aisle	894
ajudar	898
al	769 568 1330 1233 67 202 228 271 559 270 167 636
ala	281
alabama	155
alan	1383 1163 1387
album	907
alcorn	1497
alex	594 466
ali	1378
aliavfai	1259
alidacopenhagen	1409
alive	975 1257
allegiance	240
alliance	562
allow	467
almighty	1556
almost	719 1496 134
aloha	840
along	506 612 1353 1558 633 489
alphaeagle1776	971 753 465 770 927 1270 920 248 502 848 931 474 835 116 493 114 1096 1398 865 226 984 482 285 1296 1114
already	178
also	954 587 781 446 685 1484 1112 167 900 877 1550 817
although	660 573
altogether	666
always	751 1257 1562 793 827 935 618 643 1482 660 1461 867 1460 377 513 672 700 1403
ama	532
amazed	1577
amazing	296 559 1419 734 428 1473 1227
amen	1570 1556 1257 135 636 1110 791
america	48 589 1026 986 1292 672 1553 706 853 592 948 660 1463 756 851 631 281 847 1335 267 173 384 232 1135 377 618 1074 239 72 702 450 577 1272 119 1109
americafirst	925
american	699 499 641 1018 1335 167 180 835 1534 226 1135 1578 694 867 1461 913 874 1036 1415 283 425 952
americanita	1474 720
americano	332 903
americans	660 702 1544 338 94 643 328 830
amerika	1354
amerikajin1969	1531
amex	329
amigo	159
amigos	1121
amirusein	1374
among	1132 1342 702
amongst	348
amount	1484
ancianos	539
angel	660 819
angels	771 643
anger	1531
angle	88
angry	1278
animals	819 830
animated	10
ann	1349
annoyingorange	1301
another	820 494 1479 817 781 1046 572 1484
answer	1146 816 814 1204 1511 1165
antes	929
anthem	410
anyone	336 77 1470 832 407 678 1463 1429 1324
anything	1221 906 1291
anyway	666 1490
anywhere	641
ao	898
apart	900
apostle	610
apostles	167 1074
apparently	572
appear	1488
apply	333 1362
appreciate	180 924 1063 982 913
appreciated	470 1403
appropriate	1270
appropriately	267
approval	753
aqu	299
aqui	903
arabia	753
arguing	1135
argument	920
arkansas	830
armas	299 320
armen	1305
arms	1481 610 1531 781 983
around	660 114 599 1361 633 111 1035
arr	1237
arrasta	898
arrest	882 1253
arrested	1535
arriba	3
arrived	370
art	99
artists	333 1362
arts	10
asap	102
ashame	521
ashamed	377 819
ashlelarsen	233 1047 1296
aside	685 1012 355 613 598 92 1315 1479 943
ask	1135 1349 381
asking	466
aspect	838
assurance	945
assure	1543
atitude	898
attend	1341 573 587
attending	587
attention	494 506 256
attitudes	1498
attract	11
audacity	877
augusto	413
aunque	299
authoritarian	753
authorities	333 1362 120
authority	1100
autistic	1323
auxiliar	898
avid	877
avoid	1236
award	543
awareness	514 495
away	254 947 614 751 367 444 1046 660 1257 466 248 889 107 1315
awe	1473
awesome	628 1273 40 666 1517
awful	435
awkward	38
ayuda	159 299
ayudarlos	299
b	68 267 21
babies	148 594
baby	1531 329 717 414 1473 908
baccooon	881 521 150 1482 1370 489 1056 1050 875 1043 1489 358 258 610 886 377 484 383
back	958 1212 924 1247 254 1447 92 181 660 424
backseat	1030
bad	1059 1474 1147 1060 1351 740 115 274 1107 877 1558 400 1071 1340 348 1160 717
bag	1150 1339
balance	1221
bali	840
bank	751
banks	543
banned	1114
barack	1440 167 625
barackobama	604
barbara	575 1361 915 1287
barn	1477
barry	612 1571
baseball	594
based	723
bashed	594
bashing	1386
basket	874
basuras	320
bats	594
bawbeakari	58 630 1030 632 917 764 1021 637 1015 424 247 905 420 744 934 648 360 607 181 939 522 365 1540 292 291 319 375 286 990 282 512 262 792 1098 487 555 490 1276 212 681 397 1274 560 1404 572 1127 390 169 1512
bawled	1383 1390
bc	506 900 1078
beagle	1289 788 1384 393 573 533
beam	267
beat	555
beating	660
beautful	667
beautiful	884 1514 1076 755 1078 112 1389 686 417 897 1028 268 1436 649 733 431 840 215 402 688 221 1073 1128 1353 660 1275 876
beautifully	11 660
became	948
beckman	965 1087 924 906 922 921 880
become	694
becu	329
becuse	1173
bed	1135 939
began	536
begin	660
beginning	153
behind	1448 391 1236 736 660
beings	493 559
believe	1332 1199 1270 877 1275 1340 723 1567 1293
believed	723
belong	256
belonged	643
beloved	643 660
bench	1550
bengal	1018
benghazi	1150 1059
benny	949
berate	1035
berry	278
beside	660 632
besides	122
best	476 885 1045 459 660 777 232 786 1366 229 282 1435 1504 755 1325 272
bet	155 680 699 278 993 512 1041
better	248 1323 966 761 771 957 1353 411 1107 853 250 627 1427
beware	222
beyond	660 804 109
biach	974
bible	610
biden	102
bieng	360
big	1474 1205 868 1208 683 717 789 1380 669 1561 1233 736 1461
bigdelly98	962 288
biggest	823
bigotry	877
bigriglending2	1380
bill	1221 923 407 104 217 766 872 105 291 1381 1224 359 361 167 1258 344 513 435 71 1535 327 667 1444 1248
billclinton	629
billie	1085
billls	1189
bills	329
bio	375
bipartisanship	1274
bird	660
birth	1248 267
birtherism	1440
bitcoin	1009
bitter	1278 1071 1443 1122 439
bj	392 538 669
black	1207 1529 900 671
blacks	877 883 900 1566
blah	536
blain	1339 1427
blame	703
bles	1354
bless	1087 1292 787 1295 986 283 589 1553 806 104 1556 1075 1120 1060 507 1026 876 214 1480 229 1514 1422 1108 230 232 49 638 801 500 684 631 173 1335 1206 805 720 187 592 1516 773
blessed	638 1474
blicanos	929
blind	1005 883 1302 56
blocked	1168 1345 537
bloomers	1505
blooms	660
blue	326 840
bob	59 587
bobby	449 610 1489 358 1043 1482 1050 1056 521 377 886 383 881 875 150 489 484 1370 258
bohemian	160
boi	784
bolsonaro	57 29
bom	600
bombs	865 708
bones	1247 1222
boohoo	506
book	610 476 11
books	424 1255
boom	315
border	181
bored	612 203 826
born	1350 48 594 1473
bother	696
bothered	610
bothering	1119
bottom	982
bottoms	1135
bout	312
box	950 1067
boy	559 521 1233 254
boykin	167
bragged	593
brain	952
brainwashed	1544 1429
brasil	903
brasileiros	903
brat	1011
brave	1026
breached	267
break	221 819 1408
breakingnews	925
breaks	1543
breath	359 327
breather	359 327
bring	1200 167 874 676 702 779 660 666
bringing	1247
brings	1035 691
broccoli	1291
brodyjohnson20	518 190 55 705 87 148 97 100
broke	660 466
brother	1208
brotherputh	1058 293
brought	336 643 335 689
brown	449
bruh	344
brushed	685
bs	1531
btw	1353
bu	634
bubba	612
buck	1459
bucket	789
budget	1070
buen	456
bueno	413
buffoon	489
build	1170 1009
buildings	1160
bully	1005 971 710
bummed	846
bummer	1489
burned	985
busch	829
bush	733 126 271 200 386 1274 1386 504 494 575 272 678 886 875 813 801 1570 1432 674 1435 109 214 693 454 587 894 713 715 871 407 261 104 1282 660 819 1559 269 456 1287 729 861 194 731 162 138 522 734 1556 1291 949 1353 418 552 745 948 1049 1481 847 750 551 643 909 910 1302 355 167 535 1036 634 546 1310 915 1401 941 827 1536 304 1514 694 1026 918 306 626 173 1022 341 1522 1315 614 771 229 773 1531
bush43	206
bushcrimefamily	376
bushes	1531 1533 1444 1095
bushfamily	302
business	751 333 1288 11 1362 919 450 767
busy	826
butt	968 784
buttercups	789
butthurt	789
button	888
bye	830 1257 853
c	1346 893 1353 634 196 611 929
ca	470
cadetbonespurs	1118
california	329
call	883 808
calle	539
called	794 753 333 1567 1362
caller	641
calling	874 819
calls	1563 1511 249
came	1475 338 886 660
camo	1215
campaign	1490
campaigning	1492
canada	1427
canadian	329
cancers	381
candy	494
cannot	660
cant	689 394 267 1293 1332 466
cape	155
capit	144
capital	702
cappola	1011 840
captured	660 1103 815 1068
car	1030
card	329 11
care	841 466 1247 450 718 906
cared	450
cares	703
cargos	462
carlaandrea946	761 1492
carlojesus21	320
carlykpatt	479
carried	219 1163 773 551 949
carry	613
carrying	277
carter	1574 796 1441 1084 519 866 1468 93 1007 728 404 861 113 89 1384 505 1513 1554 624 1508 531 302 1003 1415 1235 387 1037 690 167
carters	1579 1289 353
carton	1410
cartoon	10 11
cascias20	594 466
caseloads	267
cash	751
cashcows	329
casket	759 276 910 977 734 1574 542 256 613 894 587
cat	1050
category	267
cater	84
cathedral	359 1514 327
catholic	1497 1074
catholics	1356
caught	685
cause	896 808 1043
cavu	800
cblanch9	621
cc	1187
cehenneme	1359
celebrate	1578
celebration	1353 688 1473 440
ceo	1380
ceremony	1443 1028 1245
cerimony	633
certificate	1248
cezar	413
ch	320
ch4rly77	539
chain	267
chances	886
change	1125 1139 216 164 161 1140 1403 1141 687 954 1157 1532 904 225 1154 1126
changing	1316
charge	675 1240
charges	267
charlatan	878
charybarber12	896
chat	82
check	514 495
checking	105
checkout	629
cheep	59
cheesy	222
cheeto	506 489
chel2727	425
chelseaeiben	668 1278 266 997 1327 1505 152 1053 1041 1112 593 781
cher	1396
chess	1240
chest	993 389 468 115
chia	634
chief	648 642 789 905 82 1453
child	87 966 965 390
children	381 11 1135 919 650
china	831 826 833 836 797 820 834 427 804 839 837
chinese	882
choice	886 908 446 476 1156
choose	679
choosing	613
chosen	613
christian	577 425 1074 1349 1109 1497 1463 167 878
christianity	1109
christians	167 1356 1497
christmas	819
chruchill	867
chubby	968
chuckle	163
church	689 1074 1463
cia	1018
circumstances	1270 267
civil	1498 1435
civility	1477
civilization	406
claim	1558
claims	966
clarify	794
class	876 551 1076 823 1493 418 134 1119 256 469 935 16 632 709 995 354 163 80 815 172 1341 1557 209 497 1440
classy	1386 1150 1403 827
clear	1421
clearly	1421
cleopatrasgroove	1226
climb	965
clinton	1043 947 23 1040 167 830 746 316 1410 1340 420 86 823 87 689 1351 633 302 1578 400 1510 630 803 1059 394 554 877 900 886 1421 370 1276 43 678 97 1277 704 695 235 104 513 923
clintons	736 1113 1447 914 500 619 1543 819 463 363 632
clintonsgotogitmo	1321
clone	464
close	840 1149 363
closed	1574 759
closely	809
closer	207
closet	947 717
closing	207
clown	1050 647
clowns	852
clownshowcanceled	993
cnn	167 672
co	381
coach	1396
coat	188
cocc	739
code	1218 1201
codename	810
codes	267
codyogden66	679
coffin	172 1465 773 788 949
cognitivas	898
coincidence	1561
cojones	320
cold	1071 974
collegebabes	329
collegegirls	329
collegelife	329
collegestudent	329
collusion	1330
colonelbonespurs	1033
coloring	424
colors	704 643
com	985 1380 1000 898
come	689 874 498 1578 1201 1479 533 290 1181 660 1165 184 1408 1100 1346 1104
comes	1247
comfort	660
coming	1496 536 939 968
commander	1453 675 648 642
comment	1316 763 247 423 784 747 1346 13 293 817 1270
comments	733 1544 1477 916 664 794
commit	420
common	1477
communities	900
como	539 903 320 1111 299 898
company	1222 500 1380
compare	543
compassions	583
complete	698 683
completed	1143
completely	1473 495 719 514 151
composed	37
comprometido	898
computer	877
comunismo	299
comunista	299
con	299 456 462
conceded	386
conceited	771
concern	308
condolence	1272 1388
condolences	1401 1124 671 229 138
condom	466
confederate	155
confused	1296
congratulation	915
congregation	878
conhecer	471
conman	968
connie	1084
connorb	1483 1062 423
connors33	893
considered	167
consiganse	320
consistent	966
console	1556
conspiracy	1132
constantly	757
contact	945 1380
container	1163
context	151
continue	883 1240 820
continues	883
contra	299
contrast	873
control	163
controlled	804
cool	1519 616 477
cooperated	1320
copeyanos	929
corner	1135 415
correct	267 838 993 814 572
correctly	1118
corrodes	1163
corrupt	853 900 835 309
corruption	1113 1345 463 1104 1320
corrupto	299
corsi	1561
coughing	899
could	758 587 913 819 290 533 658 196 134 1150 956 113 969 1403 694 1488
couldnt	521
council	1175
counsel	104
count	660 919
country	897 1147 1479 707 1484 450 1415 786 710 894 232 754 655 696 1543 296 290 823 1119 645 1287
counts	1492
court	1185 222 1167
cousins	867
cover	10 11 900
covering	1579
covers	11 10
coward	531
crap	213
crapping	1505
cratas	929
crazy	1561 423
creador	532
creas	299
creator	267
credit	543 476 329
creditcard	329
creditcardbills	329
creditcards	329
creditunion	329
creed	1074 167 610
crescer	898
cried	588 1387 1514 1128 1452
crime	420 947 698 222
crimes	1186 104 1132
criminal	1533 1186
criminals	632 1398 44 1531 1550 493 486 420
crist	1212
criticize	877
crminal	1207
cronies	1488
crooked	140 1024
crooks	188
cross	1247
crossed	983 1531 781
crossing	267
crow	883 877 900
cruising	1361
cry	717
crying	280
crystal	958
cuando	320 147
culture	840
cum	1339
cumple	532
cupped	410
cured	514 495
curiosity	104
current	104
currently	853
cusp	789
custody	267
cut	1212 51
cyborg	102
da	1347
dad	720 1511 1173 1390
daddy	329
dammmmmn	880
damn	404 1003 1293 826 777 278
dan	1506 737
danderson	768
danielledb88	1066 295 96 257 110
danios1217	1529
danscavino	925
dare	192
dark	1247
darkness	847
datta	1018
daughter	1323 279 660
davenport	652 1387 1442
davet	1089
davidson	432
dawey	1070
day	1530 838 660 1043 522 1278 1150 798 429 733 839 1474 470 1380 310 1442 771 820 831 1012 1135 1257
days	1474 1435
dazed	752
dc	180
de	159 299 898 320 625
dead	563 1008 447
deal	201
dear	660 1173 259
dearly	1383
death	1413 1247 838 1411 1412 660 1414 336 146
deaths	1041
debates	40
deceased	1044
decisions	966
deck	1003 1168
decorum	335
dedominicis	227 678 569
deeds	723 1578
deep	1119
deeply	660
defend	1563 819
defensor	532
definitely	1233 1253 1106
definition	38
defraud	1132
dejado	299 456
dejen	320
del	299 532
delusional	835
delusions	169
dem	929
democracy	753
democrat	702 1387 877 1383
democrata	299
democratic	883 877
democrats	1119 114
dems	1107 554
den	462
deplorabledefenders	312 1014 845 255 461 447
deplorables	484 874 984
depth	643
deptofdefense	180
deranged	681
derrocar	320 299
descansa	456
describing	163
desenvolver	898
deserve	336 982 1275
deserved	1107 359 242 327
deserves	1291 1233
designs	11
desimone	853 830 771
desire	1270
despise	1043 310
despite	1578
destination	757
destroy	406
destroyed	757 367
destrucci	299
destruction	1320
determined	428
detest	699
devastated	1221
dia	903
diagnosis	381
diamondandsilk	925
diarrhea	769
dictador	299
dictionaries	1194
dictionary	1104
didnt	1289 878 536 506 1293
die	120 541 1291
died	1496 660 540
diego	158 1147
dies	1473
differ	267
difference	117 1386
differences	598 943 1479 1315 92
different	594 1063 913
differs	660
difficult	914 660
dificuldades	898
diginity	134
digital	11
dignitaries	1288
dignity	1361 551
digsuested	615
dimension	170
dimwit	345
dios	741
directed	784
direitos	898
disappointed	1070 1278
disappointment	286
disappointments	292
disaster	838
disconnected	785
discover	329
discussions	40
disgrace	1415 645
disgusting	389 974
dislike	888 1270
display	1274
displayed	1403
displeasure	753
disrespect	383 637
disrespectful	1293 612
diss	259
dissin	1168
divide	643
divided	614
diyene	1469
djt	1076
dm	907 945 1362 11 329 1009 333
dna	267
documents	222
dodging	606
doesnt	689
dog	1473
dogs	427
dole	59 587
dolls	965
dom	1418
donal	586
donald	1389 167 104 476 159 1320 878 471 1100 952 1487 968 1447 248
donaldjtrumpjr	604
donaltrump	634
done	1242 883 1426 16 877 798 474 750
donnie	559 345
donsesti	362
dont	667 466 889 1260 1346
door	1190
dos	903
double	446
doubtful	607
douche	1150
douchebag	698 430
downhill	706
dr	514 495
draft	606
dragon	1210 1207
drain	62
draintheswamp	925
draped	910 542 894
dream	764 633 874
dreams	874
dressed	476
drink	765 633
dropped	851
dropping	708
drug	874
drums	449
dudar	532
dude	540 213 944 679
duhhh	1330
dumb	747 817
dumber	1021
dumbo	303 331
dump	1472
dust	1116
dying	650
dyslexia	1323
e	1502 1149 1121 471 1210 898
eachdecember	1000
early	877
earth	660
earthly	1361
easy	955 587
eco	757
economic	883
ed	1185
edged	446
edgy	446
edit	804 894
editing	794
ediyoruz	1089
educated	1345
eeuu	299
effort	573
ego	820
eight	406 331
either	1557 498 1011 886
el	299
ele	677
elected	627 1335
election	1551
elegance	1403 209
elimates	267
elite	1362 333
elites	336
elizabet	1174
ello	456
elote	625
else	1463 703 641 678
em	1464 880 808
email	1380
embarrassed	683
embarrassment	610
eminem	259
emocionais	898
emojis	814
employee	470
empty	751
en	1396 539 741 299 929 456 532 159
enabler	851
encounter	44
end	1043 660 1009 757 1531 728 221
endearing	722
energy	1247
engaged	1087
english	1052 1396
enima	719
enjoy	500
enjoyment	1361
enough	1531 965 1095 587 1087
enterro	144
entertainment	826
enthused	317
entire	1473 1236
epic	757
epitome	134 209
equally	913
er	267
era	677
eradicate	900 877 883
eran	929
ers	383
es	299 898 532
esa	299
ese	299 320
espa	3
especifico	898
espero	159
esta	159 451
este	159 898
etc	1278 1440 1561 1543
eternidad	915
eternity	660
ethic	757
eu	263
eulogies	163
eulogy	206 221
evaluating	826
evangelical	167
evantflynn	395
even	256 1055 536 646 685 512 377 689 1087 1482 840 1489 356 167 146 569 1275 943 1316 1387 367
event	1288 596
ever	830 459 1531 722 723 331 438 1484 1271 449 777 134 795 883 272 885
everso	1381
every	1442 1278 957 719 1009 1492 88 660 267 432
everybody	92
everyday	290 758
everyone	506 1479 489 703 799 1135 1346 391 1122 897 689 754 883
everything	914 115 593
everywhere	645
eviden	1311
evidenciar	898
evident	195 948
evil	793 830 459 386 330 444 900 1087 327 367 554 771 359 877
exact	383
exactly	397 955 1127
example	551 1361 1543 1270
exausting	984 1014
except	523 115 1122 1147
executivas	898
exel	1220
exemplo	898
exercising	1182
exhausted	1457
exist	1345
exists	263
experience	1473
experiment	1018
explain	494
expresidentes	929
express	753
expressar	898
expression	330
extent	1487
extremly	826
eye	883 1210
eyes	1135 1390 660 1387 1383 1584 759
f	1079 749 1515 1526 1265 1254 712 1581 76 30 852 231 419 1358
fabricated	1341
face	439 697 506 1341 933 407 386 772 646 370 416 558 1294 1283 143
faced	841
faces	1040 738 1410
facing	781
fact	1484 853 312
facts	906
fair	1165
fairwinds	302
faith	1543 723 1109
faithful	538
fake	425
fakechristian	1288
fakehumanbeing	1288
fakepresident	1288
faker	917
fall	166
fallen	151
false	110
fam	1121
familia	159
familias	898
family	229 1361 947 1516 386 138 222 678 573 1514 614 1383 134 418 948 521 1026 559 1101 698 180 507 840 1531 1556 214 109 801
famous	333 1362
fancifulmason9	1533 1455
fantastic	884 101
far	1320
fardaysarzaminam5335	1264
farhad	1266
farm	872
farmer	1384 188
fast	915
father	1396 1383 229 660 1481 269 366 407
fatherrrr	951
fatimapanahi67	1385
fatso	1032
favorecido	898
favorite	610
favors	894
favourite	1291
fb	15
fear	450
federal	1487 104
fee	1357 1380
feed	1531
feedback	1135
feel	1368 1015 1135 594 1473 1059
feelin	775
feeling	99 134
feelings	355 184
feels	207
feet	1060
feline	1050
fellas	540
fellow	167 1578
felt	1473 228 400
fetus	594 919
fgs	213
fi	713
fidgeting	610
fight	530 877
fighting	1135
fignewtons	200
figure	464 1460
figures	565
files	879
fillary	1540
filled	1362 333
filthy	366
finally	673 410 254 541
financial	1009
financially	329
find	660 394 1069
fine	695
finger	51
fingers	923 1189 344
finial	1473
fires	1563
first	389 13 6 1480 476 89 587 1324 400 876 1275 1529 735 1248 80 1345 423 497 267
fisa	1240
five	491
fix	772
flag	88 894 278 754 1242 542 155 71 910 1470
flak	464 263 553 530
floor	359 327
flotus	302 673 180 327 1475 359
flux	919
flynn	104 1561 554
fml	1248
focus	184 312 1484
folded	610
folks	508 267
follow	1063 17 893 880 551 1486 963 925 40
follows	1109
fond	660
food	1135
fooled	1100
fools	104 250
footprints	660
footsteps	207 660
forehead	939
forever	723 768
forget	1381 660 956 931
forgot	375
former	637 552 1481 1043 626 226 167 613 910 1514 469 1287 894 284 104 1470 1403 229
forms	267
fortnite	944
foster	919
foto	1324
fought	900 883
found	377 900
foundation	87
founded	877
founder	883 900
four	1509 647
fouri	1338
fox	703
foxandfriends	925
frankotattostudio	299
fraud	947 849
frauds	267
free	1350 753 1211 1026 169 596
freedom	1247
friend	820 1387 219 51
friends	128 694
friendship	1383
front	198
fs	82
fulfill	820
full	865 874 632 1531 514 495 238 828 798
fullest	1487
fun	447 898 839
fundamentally	336
funeral	386 1401 167 637 1341 134 192 186 131 226 1496 686 1387 371 795 1076 1095 1386 899 417 104 1112 197 1274 349 296 1271 536 1473 886 152 47 676 897
funerals	1473 1353 104 722 629
funny	966 508 900 949 1177 1563 184
fush	1459
future	1253 574 1035 245 658 480 598
fuvkin	810
g	200
gace	820
game	1240
gang	71
garras	299
gate	207
gave	660 1387 206
gay	100
gba	897
gearge	39
geeeeeezzzzz	676
geeez	559
gees	678
geez	678 664 559
general	104 554 774
generalmattis	180
generation	335 443 587
genital	495 514
genocide	267
gente	539
gentleman	571
gents	808
genuinity	1341
george	626 372 1036 1049 606 1536 894 454 272 1353 1009 733 813 731 1359 729 304 1481 771 949 1552 167 1514 407 745 269 910 1310 693 1522 660 456 643 1293 1022
georgehwbush	366 702 1133
georgewbush	180
gerberdin	1359
german	530
germany	36 73
get	128 919 13 985 1163 1004 572 1353 889 558 736 1056 466 1345 523 1474 372
gets	604 1335
getting	633 207 276 784
gettyimages	1237
gettynews	582
ghwb	548
gia	634
giant	660
gipson	158 1147
girly	1277
giuseppe	1193
give	1070 954 1408 1291 1151 819 476
given	1270 104
gives	446
giving	450 494
gl	842
glad	1297 533 1489 1095 579
global	333 1362
globalist	1222
globalists	1421 523
gloria	741
glory	660
glow	348
go	186 254 420 985 342 965 883 1148 835 1567 971 660 717 958 755 331 912 1098 1440 646
goal	1320
gobierno	299
god	187 230 1345 801 100 574 1354 232 214 1473 104 660 283 1247 940 507 851 173 631 1422 1108 592 1292 500 643 1026 684 1514 1516 899 1116 495 638 787 1120 1295 1060 805 1075 1206 820 89 429 876 563 49 1381 1556 806 514 593 773 1553 564 720 1335 229 986 589 1361 1480
godblesshim	1343
godspeed	750
goerge	126
goes	914 246 789
going	540 1150 614 1463 751 163 685 181 47 1548 291 476 1540 56 466 1021
golden	660
golf	1150
gone	906 1297
gonna	1260 1253 94 1038 92 427
good	1474 1035 1257 1498 751 308 694 1278 554 1135 825 816 1543 70 559 877 863 706 979 1144 512 1015 489 386 521 838 290 573 546 354 180 282 627 688 1353 1380 348 605 1521
goodbye	1227 1036 1101
goodbyes	643
goodness	185
google	87
goon	217
goooo	784
gore	167
gorge	723
gorgeous	884
gorgie	871
gorrila	841
gosh	891
got	514 808 668 1035 537 122 358 495 1529 541 1274 1531 1380 411 423 248
gotcha	1276
gotta	808 200
gotten	367
government	470 1345 104
grab	1135
grace	583 109 1440
gracious	418 1381
grammymjp	587
grandchildren	613
grande	903
grandkids	1035
grandmother	971
granted	1242
grape	922
grateful	660 514 495
great	1300 1475 1060 296 94 1461 515 289 514 73 897 283 1036 72 1093 894 673 678 384 628 386 1119 621 1019 495 694 1386 704 867 1361 733 312 947 1335 1550 1320 987 180 429 1284 793 584 1573 559 450 572
greatest	443 587 331 335 660
greatness	702
green	841
greeted	104
greetings	1397
grey	1475
grief	660 1556
grieving	643 559
ground	178
group	438 379
grove	160
gt	1399
guantanamo	1262
guarantee	286
guard	368
guess	1118 1078 141 541
guessing	1011
guilt	1041
guilty	248 114
gulf	526
gun	248
guns	449
guy	1248 856 1013 447
guys	1353 1211 1427 798 341
gwb	723
h	167 693 1481 643 1203 1022 733 126 1049 200 1514 660 745 260 771 910 729 454 894 1036 1310 304
ha	299 602 1011 696
habilidades	898
hace	539
hah	572
haha	145 9 697 1015 1011
hahaha	560 1098
hahahaha	439
hahahahaha	1015
hak	1089
half	748
hallryland202	655 1086
halls	867
hambre	299 159
hand	410 353 809 866 670 914 311 508 506 1508 356 77 1059 115 1415 1576 519 1224 643 415 389 1048 531 993 325 618 719 1384 240 541 1489
handful	1335
handled	400 1317
hands	569 1579 1513 1468 1440 116 1332 1322 1289 1277 227 287 1045 912 460 690 660 525 624
handsome	1486
hang	396 467
hangover	950
happen	666
happened	954 679
happening	678
happens	838
happiness	691
happy	1480 666 617 568 643 229
harassed	1018
hard	680 221 1548 1041 292
hardened	704
hardworking	660
hashing	290
hashthetically	1545
hasta	532
hate	890 612 399 707 703 1316 771 1531 328 1156 957 1302 366 1005 1275 1012 23
hateful	738 1346 733 916
hater	282
haters	703 828
hates	948 403 1531 1464
hath	660
hating	494 202
hatred	1163 428 1421
hatton1776	271 228 270 67 769 1330 559 636 1233 202 568
hawaii	756 1077 1011 840 646
hazebro	13
head	489 163 835 1453 698
heads	594
heal	660
healing	706 1543
hear	1135 757
hearnow	1000
hears	207
heart	1467 541 1048 809 618 1576 1322 914 468 353 866 410 982 325 77 870 719 311 146 394 1384 356 1415 506 377 1435 670 1087 1085 531 1508 660 221 519
heartache	660
heartbreaking	219
heartfelt	1401
hearts	508 1513 287 1224 690 1277 643 704 1468 574 660 766 1332 624 1579 460
heaven	1361 1353 1570 660 1287 399
heavenly	563 1481
heavy	353
hehe	141
hell	312 248 1082 1034 306 1353 645 728 1143 928 254 366
hello	74 1345 1035
helo	85
help	657 660 381 694 163 1009 300 653 662 329 1056 706 650 466
helping	1566
helpme	159
helpmedaddy	329
helptheneedy	329
herbert	626
herif	1359
heritage	530
hero	688 499 167 1060 500 1461
heroes	308
herpes	495 514
hes	538 1147 494
hey	519 313
hi	1155 1027 333 12 1194 1166 1320
hiche	1197
hichi	1162
high	820 1444 1440 1186 1035
highly	1315
hilary	166 1341 1510 9 1105 680 1030 1443 330
hilaryyyyyy	1180
hill	689 949
hillary	1104 1262 974 327 983 950 599 1540 1010 1535 612 1024 1027 71 635 645 359 1051 900 520 899 1071 291 370 104 1444 510 895 1421 1098 277 274 386 140 697 1122 700 143 877 1381 398 719 476 740 1340 167 468 1334 243 1224 459 793 1248 1271 1258
hillaryclinton	1467 146 785
hillarys	1283 1294
hint	1487
historic	1335 973
history	867 133 1240 815 331 1142 835 1087 631 1255 757 1578 1279 608 1103
hit	558
hitler	723
hmu	1357
hniye	74
hold	633
holding	1316 389
holiday	540
home	1403 840 1473 1026 1018 1361 155 1148
homie	625
honest	472
honestly	920 673 900
honey	1172 848
honor	813 613 242 551 1012 368 324 138 1315 109 532
honorable	613 722 1270
honored	1559
honores	532
honoring	180 771 505 184 71
honourable	386
hoopla	635
hope	1505 838 1345 1278 1402
hopeful	996
hoping	435
hopping	874
horton4048	313
hot	279 901
hotdog	1266
hotmail	1380
houk	870
hour	1531 1135 559 521 660
hours	798 327 643 359
houses	985
https	1000 985
huck	1540
hugs	1474
huir	299
human	1386 785 793 1484 678 1112 1227 493 919 559 1479
humane	427
humanity	104 1041 381
humans	482
humiliation	683
hurt	1520 784
hurts	280
husband	830 367 1577 1018
hw	1536 978 813 606 456 1004 272 773 734 372 429 731
hwbush	1359
hymn	878
hypocrite	116 281
hypocrites	900
iam	1521
ianooo	1212
ibid	1201
icc	1196 1187
icd9	267
iconic	735
id	964
ida	1423
idea	1332
ideas	11
ideolog	299
idiot	971 934 375 792
idiots	1534
ight	464
ignorant	714 789 521
ignored	711
ignoring	494
ikr	371
illallah	1089
illegally	882
illegals	874
illnesses	381
illuminati	333 1362
illustrations	11
ilove	1433
im	159 1203 281 1151 411 1003 1204
image	219 1248
imagine	228 196
imlike87	306 315 196 287 184
immaturely	447
immigration	267
impacting	543
impeach	428
impediment	1323
important	1043
impressive	1233 1095
imprint	660
imputados	462
inappropriate	637 1315 1533
inches	428
include	734
inclusao	898
incoming	131
incorrect	993 27
incredible	1383 722
indeed	94
india	1018
indian	1018
individual	222
indivisible	1116
indulging	826
infection	514 495
influenced	53
influential	1362 333
info	1362 751
information	1106
injured	267
injury	267
innocent	639 114
innovators	1362 333
insane	1562
inside	1119 1163 327 359
insincerity	1311 195 948 746
insisting	587
instead	1150 838
insult	233 952
insulted	593
insults	1440
insurance	1070
integrity	1435
intelligences	804
intent	826
interaction	38 839
interest	1070
interested	751
interesting	415 77 618 690
interests	1435
international	1197
investigation	536
invite	1095 1531
invited	428 1444 197
involved	296
ip	1552
iq	1074
iran	1126 216 164 1456 133 904 687 562 1260 225 120 1140 381 1141 458 1532 501 1345 1154 161 1157 1125
iranian	401 1345 1320
iranians	1402
irn	478
islamd	1089
islamic	1320 1345
isnt	466
isotope	381
isso	903 898
issue	267
italian	1011
ivajchimoski123	602
ive	795
izquierdista	299
j	586
jafari	74
jag	899
jail	1275 1550 316 243 554
jam	1215
jangling	207
jeez	1429
jenna	840 1011
jerrysauz	1346
jewelry1985	963
jfk	641 879 84
jim	900 877 883
jimmy	353 84 1007 624 1003 167 975 93 1235 1037 1574 866 519
jjj	853 830 771
jo	652 1387 1442
job	1119 1019 1168 429 1573 180 489 16 627 621 512 1180 1158 1345 476 584 268 798
joe	102
joebuck	1574
john	952
johntrourke	925
johnwickie	1453
join	167 333 1362
joke	1462 1415 518 432
joker4real2004	411
jokes	614
jones	695
jonteoh23	1081
josephine	227 678 569
joy	660 1481
judge	1145 133
judgement	1381
judging	425
jurdistictional	267
juri	1208
juric	1194
jurisdictional	1181
justburnedobozoandkillaryinonecomment	1150
justice	1330 1116
juttascarry	1390
k	963
kag	414
kam	1215
kamrenporche	472
karami	1378
kat	1349
kathleen	1316 1299 145 85 265 327 435
kaushik	1018
kavanaugh	248 114 639
keep	708 835 643 763 1107 286 563 1548 874 354 521
keeper	207
keepfighting	925
keeping	1150
keith	167
kennedy	867 261
kevinwhite	367
keyboard	1483
keys	207
kgbosshogg	993
khabar	1338
khamenei	1412 1413 1411 1416
kian	313
kicking	1037
kid	1323 466 432
kidding	1531 559
kiddkng	521
kiddo	55 169
kids	919 874 911
kiharo1503	1078
kill	1258 466
killary	1520 435 1448 1067 1327 122 83 998 668
killed	261 526
killing	599 148 311 699 482 427
kimberleerupshaw	406 1110
kind	153 1095 1475 1531 1271
kindness	163
kinds	1070
king45moses	1551 1561 1567 1568
kingdom	275
kissing	939
kkk	883 900
klan	877
klux	877
knee	911 670 113
knew	212
know	269 1242 1015 1453 766 134 348 1330 874 1384 688 660 966 667 1201 1247 10 1163 1462 1322 1011 877 1135 406 955
knowing	660 599
known	335
kolesere90	1537
kompromat	1551
ku	877
kuorosh	401
l	175 21 1469 1234
la	958 299 539 532 741 456
labeling	1296
lack	1477 948 1311 1054 195
ladies	808 735
lady	476 389 1260 497 400 89 876 80 1389 1480 1275
laheh	1190 1142 1145
lailahe	1089
lake	1361
lamb2	1084
land	1026 958
largo	456
las	299
last	601 877 331 518 757
late	702 1465 745
later	1100
latins	91
laugh	1015
laughing	1361
launder	196
laurawbush	180
law	267 1487
laws	877 900 883
lawyer	267
lay	196 253
lead	847 1361
leader	1014 813 682 971 867
leaders	867 1135 1211 333 1362 596 1116
lealtad	532
learn	810 240
least	427 428 838
leave	1510 696 184 763 660 899
leaves	660
leaving	1361
lee	1380
left	799 1508 696 660 1563
leftest	799
legacy	1529 1525 733 559
legal	103 267
legendary	1211
legged	1475
lemon	439
lenders	543
lending	1380
length	643
lesbian	476
less	1463 160
lesson	1135
let	1184 839 889 1118 1324 355 1247 931 702 1163 354 1457 10 13 660 1240 342 1484 659
lets	101
letsgo	102
letting	269
level	1498
lewinsky	819
lia	1121
liar	835 793 830 848
liars	900
liberal	233 248 583 309
liberals	131
liberty	1116
library	196
libtard	1296 226 681
licensed	267
lie	883 1163 195 705
lied	253 560
lies	1440
life	1278 1262 128 643 466 688 1353 1473 1558 103 1578 660 1147 915 222 546 292 1012 68 989 449
lifestyle	450
lifetime	786 969
light	847
like	1135 306 1531 63 1496 1035 72 1489 610 212 646 1473 522 521 900 660 1071 439 1457 899 103 371 1077 23 1003 594 115 678 281 893 200 500 384 272 1109 689 386 993 587 810 446 558 719 950 1271 875 722 724 331 476 163 865 567 581 472 1346 249 248 1571 559 1193 1195 974 841 758 425 840 835 769 233 1222 971 809 1233 827 781 825 449 820 217 923 340 919
likely	877
lil	1356 1439
lilronnie528	349 1460 494 506 1054 948
limited	1205
limites	898
lincoln	867
lindah6168	784 774 772 863
lindo	1111
line	1145 1415 1177
liquid	774
lisstehe	581
list	900
listen	155
listened	338
listening	163
literally	1529 1038
little	1531 1135 1087 1011
live	1035 723 897 1077 1257 1147 546
lived	643 660
lives	660
living	638 1026 840 292 954 167
llc	267
llenense	299
lleveme	159
llime	1499
lmao	432 512
lmfao	796 537
lo	741 299 539
load	711
loan	1380 543
loans	1070
loathsome	1032
lobnan	1160
lock	822 698 385 1100 1113 474 1531
locked	1550 465
lockherup	44 1545
logical	969
logo	11
logos	10
lol	235 38 1051 266 1144 263 524 1444 646 786 880 669 769 358 1482 310 459 1114 1492 245 197 468 502 919 1105 765
loleh	1175 1204 1212
lololol	1334
lololololololololol	96
lombardi33	1356 1439
lomopa	659
londonprivatesw10	1408
long	344 1095 1570 1189 906
longest	795
longing	660
look	500 1104 1107 317 115 1236 883 459 510 785 804 697 287 1447 1294 613 1383 809 486 933 1283 306 219 361 819 877 835 810 1277 531 617 51 866 9 612 71 1195 415 752 1341 738
looked	439 116 897 476 1443 974 215
lookin	217 1003
looking	1574 1245 799 1164 977 219 660 362 107 1051 719 996 1221 468 1229 345 825 1389 1118 824 1323 759 172 463 788 702
looks	781 1093 993 950 719 1221 1271 1077 1105 583 203 83 901 1571 1071 1262 1023 1122 846 605 435 863 140 585 825 841 1341 136 1340
loomered	604
loose	659
lord	1287 1257 820
lords	1222
los	462 320
lose	683
loser	359 1032 128 974 327 58 889
losers	309
loss	1461 660 559 1043
lost	308 867 1262 134
lot	327 274 1253 359 476 1324 587
lots	912
love	329 957 982 996 290 1107 875 411 862 856 427 837 832 228 1247 211 806 1273 768 172 1367 482 1381 1383 701 1387 1390 1402 691 133 1410 662 660 89 653 88 1521 48 1548 18 1549
love5970	554
loved	1522 1387 643 1353 660 1473 1383
lovely	1391
loves	1474 948
loving	1361 248 1335
low	1070 1119 1440 222
lower	1085 512
loyalty	1387 1383
luchan	299
luchar	299
luciferian	88
luck	512 1380
lugar	299
lung	1085
lurking	700
luz	532
lying	1473 702
macwagner03	416 246 520 766 56
mad	459 1023 366 1027
made	660 1015 447 1387 1147 548
maduro	299
maga	228 414 93 295 1150 852 926 48 1375 16 996 779 319 777 37 683
maggot	1580
magic	721
mahdi	782 430
mail	1203
mailbride	494
maintained	497
mais	898
make	73 1357 966 1463 359 11 1353 512 627 875 969 131 115 450 1335 1574 72 327 810 666 104 281 259
makeamericagreatagain	925 1470
makes	835 572 969
makesomeonelaughagain	1015
making	1302 386 1543 614 608 751
makingamericagreatagain	1343 1344
male	767
man	362 28 1353 717 1340 554 512 1529 1361 1527 467 450 94 867 669 447 1300 284 168 358 733 989 1387 688 312 628 1558 678 1403 134 767 1037 1320 796 722 1345
manafort	1561
manager	1009 1070
mandela	867
maneira	898
mankind	232
manners	1477
mansh0reh	1192
mantra	1440
many	197 919 1041 167 460 913 1038 638 53 900
march	1195
margaret	900
margret	877
marine	245 658 598 480 574 1253
marines	180 1073
market	1574
marriage	100
married	544
mas	159
massage	711
matan	539
matched	267
matter	540 679 735 906 133 477
matters	678
mattyskeky	821 765
may	1353 1257 660 563 820 1287 645 826 429 1514 1556 1349
maybe	153 753 337 1098 1570 1368 494
mayrilvabregithawall	1237
mazzie24	1082
mccain	386 899 1386
mcdonald	1233
mean	1276 710 717 774 630 84 1113 1330
means	877
meant	771
media	568 894 927 1487 249 1135 560
medio	539
meet	526 660 425 1570
mega	211
mehrab	1428
melania	400 704 689 465 215 209 1381 1076 876
melanie	418
melt	327 359
member	877 160
members	62 1362 333 613
membership	333 1362
memorial	587
memories	1302 1474 660
memory	1291 660 643
men	1016
mentally	681
mention	587
mercy	109 1381 820
merica	994
merkel	263
merry	819
mesmos	898
message	751 296
messi	1193
met	467 883 259
meth	971 958
meu	903 471
meus	332 1326 580 1121 936
mf	383 13
mi	741
mia	924 965 880 921 922 906 1087
michael	104 1168 669 278
michaelclayton87	250 675 337 274 331 163 128
michaellemon	1000
michaelrapaport	115
michaelzebley	1304
michell	459
michelle	719 240 612 1381 669 1023 615 317 105 1236 494 1440 389 377 361 439
michelleobama	618
midst	1475
might	809 420 1296
mike	736 167
mikeflynntalked19times	1163
milion	1201
militarmente	299
military	1317 1057 101 1033 773 268 1453 798 613 180
milk	1410
miller	721
millions	1345
mind	1475 797 919
minds	122
mine	1087 720
mini	899
minutes	543
mirror	825
miserable	719 83 140 1112 1051 150
misery	336
miss	467 1442 1435 1361 325 967 94
missed	688 457 660 1033 768 180
missing	1470
mission	1143
misspelling	602
mistake	804
mistress	1464
mixtape	10
mmy	666
mo	929
mocking	664
model	1187
models	874
mohammad	133
molester	1444
mom	744
mom1	573 1384 393 788 1289 533
moment	114 1556 1346 631 1473
moms	939
mon	1353 1346 893
monarch	1237
money	1153 1152 196 848 543 1018 1574
monica	931 819
monster	841
month	1009
months	1444 1253 267
moochelle	1332 327 359
morir	159
morning	1410 660
moronic	1512
mother	720 229
motion	572
motiva	898
mourn	1473
mourning	1043 943 306 660 1473 470
mouth	359 513 439 327
move	786 763 1524 753
moved	883 1387
moves	660
movie	1475
moving	1383 1390 1473 290
mr	915 614 1426 133 610 779 889 325 867 941 1548 682 912 805 1503 454 773 674 671 401 205 1573 1533 734 1019 418 162 850 457 44 138 1361 821 546 1200 765 1388 989 1150 876 470 1247 1275 37 1158 528 1380 800 623 1578 1107
mrs	1276 761 690
mrybada	1563 1530 1558 1566
much	336 658 1135 428 280 1270 134 470 307 1015 1464 1383 1163 16 366 467 48
mueller	968 1163 952
muere	532
muhammed	1089
muller	554
multi	1172
musgrave	1303
music	11 688
muslim	947
must	1351 627 353 267 613 546 1340 825 292 1383 1381 1035 1163 284 311 573 599
mustafaamir8	780 151 469
mutlu	1469
mutt	544
mutual	192
muy	299
mybeautifulpoms	1386
myhippieplace12345	1457 642 717 714 969 707 756 1077 966 883 958 567 1302 954
myhippieplace12345i	619
mystery	819 947
mz	565
n	1089 1469 554 449 634 21 1359 299 898
na	903
nada	462
name	1380 810 877
narrative	804
nas	898
nasty	561 344
nation	805 1116 684 1190 214 1321 706 100 632 1237
national	410
nationalist	222
nations	133
natural	838
naughtybabes	329
navazandeh	1266
ne	1469
near	167 643 660
necesito	159
necessidades	898
need	267 717 1096 1380 1548 1134 10 646 329 1160 1543 629 530 104 1490
needed	751 1015 1357
needs	957 719
negative	1346 751 1477
negativity	1135
neither	766 1579 771 870 104
nessi	1193
netflix	899
netjes	525
network	679
never	757 1048 720 1473 573 851 101 1163 1095 1106 643 660
new	68 907 71 153 703
news	1543
next	309 1368 1473 519 1135 899 1203 1531 625 1247 1275 435 823 200 728 250 1533 37 1574 1059 671 912 635 1440 1403 429 673 1490 400
ng	634
nga	1499
ngai	634
ngush	1499
nh	634
ni	539
nice	220 831 1148 227 1168 293 422 596 670 1479 1180 573
niceeee	1397
nicest	467
nico	299
nieces	1011
nigerian	360
night	310
nik	1303
niklas	1316 435 145 1299 265 85 327
nikolas	960
nim2	730
nixon	835
nj	1336
nobel	1529
nobody	593
nodding	689
nodel	1187
noelime0324	794 841 814 838 808 810 816
non	1196 1018
none	1150 943
nonsense	627
nornberg	1167
nos	159 539
nose	1460 604
noses	1135
nossanna	1523
notch	798
note	1403
nothing	1427 43 310 1113 248 336 877 1038 497 68 70 97
nothingisrandom	1168
notice	1579 104 1584 77 1470 1441 1386
noticed	579 577 1489 383
notorious	1062 423 1483
notre	1396
ns	600 903
nsames	1326
nt	308
number	797 820 839 834 804 837 1132 836 826 831 833 335
nutter	248
nwo	889
obama	302 605 38 736 1535 410 406 719 420 1341 167 400 615 707 617 1381 1549 1332 395 1525 947 554 317 494 625 1520 761 172 389 240 948 569 1109 633 886 585 1104 278 891 583 356 1040 1236 281 377 111 1436 86 823 646 1242 186 1576 1048 219 1577 1578 809 1277 203 439 200 1059
obamas	914 1043 738 1324 1311 1447 1322 195 632 202 704 1440 630 746 361 363 1113 875 1543
obamass	311
objetivo	898
obozo	541
obsessed	1568
obstruction	1330
obummer	846 1488 122 1460 1221 699 670
obummers	619
obvious	948
obviously	775 804
occasion	666
occupational	267
occupied	1147
oddly	1403
odumbo	118
offense	900
offers	543
office	587 830
officialrezapahlavi	501
oh	1276 1015 358 1473 1423 680 951 784 839 1087 410 723 259 1005
ok	877 1260
okay	577
ol	583 669
old	1415 1408 965 1087 1323 610 587 971 1527
ole	1571
olivia	1380
omg	798 89 900 143 965 1242
omonzukpia	514 495
ompa	659
one	1383 512 1087 957 429 1036 1489 1047 684 1561 629 62 870 1410 647 331 186 1116 695 886 685 1010 426 911 1100 1387 1509 1420 160 643 172 670 599 104 722 141 197 1012 660 691 1144 598 267 878 71 466 1464 1341 518 734 1044 760 1403 1563 755 1151 579 841 1332
ones	1473
onto	633
onward	1297
ooohhhh	570
oooooooh	951
oooor	466
oops	1344
opci	299
open	1190 513
openly	883 877
opgeruimd	525
opinions	477 521
opportunity	706 1492
opposite	1473
oppression	1345
option	93
options	913
orange	1050 1093 1558 717 1509
order	111
oremos	241
organ	1139 1184
organization	1362 333
organized	698
original	62
os	898 903 539
others	500 1543 425 510 1297 723 660
otra	539
outliers	267
outright	104
outstanding	1284
overnight	1357
overridden	627
ovomit	460
p	1326 175 674 693 179 741 1502 332 614
pa	299
padre	1111
page	1429 40 310
pahlavi	1320 1402 1345 562
paid	695 522 1464
pain	1247 1481 1200 779 88
painting	11
paints	643
pais	159
paix	1396
palavra	898
paperwork	267
para	159 532 299 539 898
parab	600 903
parent	134
parenthood	883 877 900
parenthoods	900
parents	1135
pars	381
parsisotope	381
part	333 1362 899 756 1543
participate	878
participating	506
partido	299
parties	589
partisan	702
party	883 914 877 1087 900
pass	1257 660 915 786
passed	312 254 1046 614 542 1315 1403
passing	229 1168
past	684 1035 867 632 1531 290
pasted	847
pathetic	1579 395 310 689 58
patients	381
patkray	307
patria	532 299
patriot	1036 606
patriotic	643 641 660
patting	468
pattismurphy337	1490
paula	1442 652 695 1387
pay	512 329 1484 1479 281 1531 1270 355 336
payer	1018
paying	469 256 913 151
paz	456
peace	1481 455 1291 972 660 1257 8 773 437 1335 941 515 39 1353 867 1578 153 452 1049 1282 1133 702 626 1514 691 304 133 498 499 126 1036 909 1528
peanut	325 188 1384
peasfurall	763 825 908
pedir	299
pedophile	390
pee	610
peepee	28
pegmanzer	1280 685 696
pelos	903 625
pence	198 167 1118
pendants	1470
penguins	1195
people	913 381 660 77 840 719 282 1353 653 48 1533 952 723 526 1531 1135 577 308 200 568 1134 650 883 1521 53 683 919 1253 180 530 1038 562 662 1477 1247 967 138 1335 558 428 315 912 406 310
percent	1070
perfect	1070 1257
period	628 1479
perro	1111
perros	539
person	1473 449 1007 1147 1284 1448 384
personal	355 722
personalised	543
personally	1043
perspectives	1063
pet	1050
petcisely	267
pffff	213
phd	1162
phone	1166 877
phones	1403
photo	1043 987 1315 1302 913 88 616 852 734
photos	195
pic	1084 862 735 1578 298 1420 955
pics	10
picture	894 86 64 415 748 1255 979 1419 289 973 1211 390 884 1104 661 290 185 477 719
pictures	514 495 276
piece	494
pieces	1580
piensen	299
pig	222 785
pine	660
pis	1359
place	574 1262 531 1543 1361 506 1484 467 353
placed	287
plagiarism	1440
plan	1543
planet	1362 333
planned	900 883 877
plans	1100
platinum	1423
play	965 949 1146 944
played	1150
pleasant	838
please	1070 653 1063 271 733 657 839 159 706 894 650 826 637 662 1401 985
pleased	841
pleasing	1545
pleasure	820
pledge	240
pls	1008 494
plus	1087 772 919
plz	427 1018
pockets	1508
poder	898
point	276 685 1035 906
points	969
pol	903
political	1386 477 386 40 1063 757 1012
politically	27
politician	830
politicians	119 1315
politics	1415 613 596 1429 296
poor	1334 281 1463 577 828 384 1109 1531 672 1074
popular	299
por	320 299 532
pornstar	1323
porque	299
portray	11
pos	671 469
positive	1361 1135
possible	1345 1510
possibly	969
post	763 993 1477 1022 751 894
posted	167 679
potencial	898
potencialidades	898
potus	896 572 302 1475 918
poverty	1320
povo	903 332
power	478 992 757
powerful	53 1362 333
pr	1396
praise	138 1076
pray	758 702 574
prayed	981
prayer	1439 666 167
prayers	694 614 878 867
praying	827 1503
prayon	823
preach	900
predates	1551
pregnant	267
preparar	898
pres	830 660 643 1533
present	1035 684
presidencies	735
presidency	410 1361 964 460
president	673 894 675 283 909 1426 1095 1421 115 1096 80 642 805 910 355 116 671 889 118 1043 682 1480 276 209 637 683 684 885 793 272 1493 1403 104 666 497 1107 271 1441 536 690 693 211 269 694 1578 628 386 1388 800 343 1387 1514 696 1119 626 648 341 1386 1275 1019 623 1271 1521 877 1384 1077 702 528 205 704 706 151 709 1529 206 713 48 613 1366 876 400 1247 1075 925 1361 44 1150 1531 1532 563 867 310 1012 454 370 1158 733 1074 1536 734 37 602 737 1461 1346 249 745 546 935 418 750 850 469 215 312 522 753 1548 551 967 16 552 1550 1200 167 587 1325 1324 760 1323 1206 426 173 947 835 239 331 989 229 1317 771 586 584 829 428 828 777 459 226 1236 779 1302 1468 823 1573 457 575 786 89 1470 188 1287 359 194 1284 327 819 1481
presidentbush41	180
presidente	471 677
presidentes	903
presidential	1490 1342 196
presidents	167 1342 284 599 1509 63 1010 647 515 1036 735 698 873 1519 638 734 755 1335
pretenders	59
prez	651
prices	10 11
prince	1320 161 225 1402 562 216 1345 164
prior	706
prison	420 1540 291 47 748 1274
prize	1529
pro	917 375 103
prob	100
probably	92 1109 574 196 438
problem	877 267 148
process	1543
producer	381
professional	11 613
profile	495 514 390
profissionais	898
profit	1009
program	1521
projeto	898
promesa	532
proove	685
propably	1510
propaganda	703
properly	1242
protect	684
protecting	563
proud	850 268 709 694 1531 134 1317
prove	660
proven	114 337
proverb	1257
provided	1361
proving	1508
prs	162
psg	1223
psychotic	772
public	180 1312 1543 1270
puck45	141 1057
puedo	159
puente85	565
pure	330 497
pushing	1274
put	572 355 943 1012 311 420 1048 1135 267 240 1224 1262 178 1322 508 1415 102 541 613 598 1513
puts	92
putting	325 838 1479 624 1315
q	456 1502 779 1111 88
qanon	93
qeen	1155
qualifications	425
qualities	694
quayle	1506
que	898 539 532 159 462 299 903
queda	539
quedan	539
queiram	898
quer	1111
queremos	898
quero	903
qui	611
quien	532
quieren	462
quiero	462
quiet	660
quite	1233
quote	883
quotes	877
quran	1109
r	559 521 104 1469 1531 674 614 1552 693 1089 175 179 595 21 427
race	678
racism	877
racist	1038 1567 131 249 1563 1558 1062 848 877 883 1058
racists	883 1563
radicals	913
radiopharmaceuticals	381
rain	660
raise	1489
raised	1477
rally	1092 1421
ran	830
randy	1380
rang	1168
range	381
rank	359 327
rap	259
raperkelley	1314
rapist	853 851
rate	964
rates	1070 543
rbizzle703	207 1496 371 683
reaches	569
read	1497 495 167 514
reading	1544 134 167
reads	1109
ready	830 851
reagan	1387
real	1324 809 282 1248 606 543 420
realdonaldtrump	1237 925 805 225 102 894 180 398 918 373 139 448 982 779 147 253 429 1222 385 269 709 115 374 1368 1229 75 903 1367 309
reality	1316
realizar	898
realization	1100
realize	89 1100
really	180 1544 1291 476 1519 282 1342 614 540 276 1015 415 979 1388 1440 1453 400
reason	807 900 1059 883
reasons	883 919
received	1380
reception	1107
recite	167 1439 610
reciting	1463
recognized	1106
recollection	660
record	682
recordaremos	456
recorrido	456
recuperar	299
red	1488
reevaluate	420
reforms	1274
refused	460
regal	666
regan	587
regardless	1429 554 913
regime	1154 687 1141 1140 1320 161 904 1532 1157 216 1125 225 1126 164
regressive	1018
reign	702
rejected	1320
rejoice	1287 1361 1473
rejoicing	660
related	495 514
relaxed	798
relearn	810 804
release	879
relief	660
religion	838
reluctantly	883
remain	1257 660
remarkable	873 1403
remember	1403 1558 660
remembered	1461
remembering41	180
reminded	1387
rep	929
reply	1008 816
represent	1092
representado	299
reproductive	767
republic	1345
republican	285 1383 1387 883 1496 188
republicans	900 877
republician	702
research	877 900 883
respect	1147 1531 587 58 59 601 355 913 540 618 89 632 345 918 531 336 1429 335 122 1403 948 521 982 860 678 848 1346 302 1324 699 1054 489 1311 195 1270 469 754 759 760 226 271 444 236 238 1134 249 1163 1136
respectable	1036 1270
respected	1036
respectful	897 589 689 1403 913
respecting	1533
respects	1270 151 1479 1484
respeito	903
respet	1364
respond	1487
responding	838
respuesta	159
rest	1282 972 1578 1278 8 452 1291 941 1257 1049 909 126 39 229 437 867 564 626 773 429 1036 498 348 455 499 304 660 515 1481 1133 1353 1514 1415
restart	1456 458
restez	1396
restraining	111
resulullah	1089
returne	915
revoluci	299
reza	1402 1320 562 1345
rezapahlavi	161 225 164 216
ria	842 1499
rica	144
rid	1345 495 514
ridiculous	1312
rig	1380
right	560 919 881 248 536 240 1007 772 668 415 767 682 1482 685 1095 574 1489 751 284 900 1523 486 181 201 1274
rights	883
rih	1128
ring	1247
rip	1527 575 445 813 1216 191 1559 318 552 1227 182 829 1061 1064 1013 1268 731 32 546 715 745 651 1255 507 211 946 606 980 1565 591 283 309 1446 200 940 346 842 294 341 496 783 1538 221 762 1099 4 36 563 503 535 871 454 223 500 1583
rip41	1242 812 1150
ripgeorgehwbush	1471 94 180 183
ripmrpresident	1150
riverrod	579
rk	1469
road	1444
robin	1361
robing	1005
rocked	368
rocking	1107
rogue	1057
role	874
rollins	1070
ronald	587
roof	1335
room	1135 828 1351
rosa	470
rosalyn	89 1084
rose	870
roslyn	1468 901
rot	1580 645
rotted	1163
rotten	863
row	1325 1275 1236
roy	1018
rt	925
rude	1119 521
ruin	710
ruinas	159
ruined	1525 86 707
ruinin	803
ruining	884 889
ruke	1213
rule	1175 1214 1142
run	587 883
running	814
runs	877
rusian	1205
russia	952
russian	1330 1509 1551
russians	1530
ry3nl	752 544
ryanvmonk	1144
sac	1347
sacarlos	299
sad	1135 614 312 92 132 969 660 574 1514 583 556 1255 1115 1247 1473 540 658 1242 943 417
sadly	1443
sadness	660 386 1341
safe	643 68
said	900 163 587 883 1227 1455 1531 877
saidnooneever	672
saint	835
salir	539
salute	778 1242 1033 302 682
saluting	84 88
sames	332
sanction	381
sand	835
sang	489
sanger	900 877
santa	470 874
sanw64	1100
sap	506
saqueme	159
saraa	210 216
sat	1403 632 673 559 104 689 521
saudi	753
sausage	939
save	562 543
saving	583
saw	1531 1248
say	70 1537 522 971 673 1027 910 1038 546 1266 212 1101 814 274 583 1437 877 574
sayhername	931
sayin	1568 760
saying	788 1574 190 1533
says	717 390
scams	900
scare	848
scary	1448
schedule	212
scheme	554
school	1035 566 1087 919 1018
score	543
scotland	1380
scott	1497
scratching	1135
script	489
seanhannity	925
search	543 695
searching	1380
season	540
seated	167
seatfillers	1055
seating	859
second	587 1448 166 660
secretary	167
secretservice	180
section	1172 1148 1169 1160 1192
security	1177
see	645 660 1410 723 596 1073 1270 1257 1498 706 705 491 477 719 568 838 911 438 614 439 1035 848 541 1240 900 505 354 1480 1479 666 1118 1383 861 632 515 134 407 1135 406
seeing	573 363 718
seeked	494
seekers	1345
seem	1568 131
seems	1489
seen	1095 1048 167 795
segregation	900 883
self	1501 163
semper	713
send	995 868 1203 947
sending	213
senhores	903
senior	1282
sense	566 875
sentimentos	1121 936 580
ser	532
series	899
seriously	685 984
servant	1312
served	1479 1484
service	112 1086 649 667 1501 655 507 402 1128 180 801 431 167 543 1036 1403 221 755 1287 1514 422
services	798 1353 587
set	1531 267
setting	1270
seu	898
seus	898
several	1452 1531
shade	632
shahiad	1369
shahzadh	1260
shake	116 227 1440 1289
shall	1257
shame	1283 428 1311 86 771 150 453
shameful	704
share	751 1063 1380 957
sharing	857
sharp	1389
sheep	695
sherman	538 669 392
sheshesayz	1452 1473 1403
shirleyatorres	1436
shirt	361
shock	544
shocked	719
shook	569
shoot	1213
short	1479
shot	919 641 803
shoutout	983
show	1544 618 540 1429 1353 699 1566 489 1293 1142 335 345
showed	1577
showing	383 1477 109 444 1346
shown	1403 109 704
shows	386 1340 1578 450 1315 746 167 249
shqip	1499
si	462
sick	327 505 428 1247 359
side	207 1397 643 1403 1410 927 877 900
sident	1396
sides	614
siempre	456
sign	872
signing	476
signs	71
siiiiiii	1290
silence	167 660 153
sim	898
simple	797 1181 1142
simpleton	1100
simply	572
simpson	1387 1163 1383
sin	532
since	830 411 420 641
sing	506 878
singing	688 660
single	1278
sir	682 918 1227 500 563 643
sit	1059 1531 671 1440 1275 877 1533 200 37 309
sites	1380
sith	1222
sitting	1550 250 1135 912 610 823
situation	1242
six	734
skeletor	1448
skins	907
skull	1222 1247
sky3458	1574
slap	1135
slavery	883 900 877
sleeping	998
slinging	771
slur	1012
small	1531 1135
smaller	604
smart	1353 851 830 568
smartass	808
smarter	1323 853
smelling	327 359 200
smh	700 100
smiled	569
smirk	407
smirking	1221 1571
smirzaee	1281 1372 1393 1402
smoke	958
smoked	880
smug	697
snob	386 771
snow3603	956
snowflake	1463
snowflakes	1221
soap	912
sociais	898
social	757 1487 894
soften	660 146
softly	660
soldier	682
soliders	1073
solo	299
somehow	1346
someone	808 614 1496 540 73 899 1463 1015 1457 804
somethin	427
something	1463 536 877 522 1270 325 1384 794 308 371
sometimes	153 476
someway	132
son	366 1383 1390 138 539 134 447 1018
song	949
sonho	903 471
sonit	1497
soon	1345 306 1510
sorrow	660
sorry	1531 1533 760 1247 44 1521 696 1388 309 912
soul	1257 660 429
souls	1381
sound	769 1429
sounds	384
sourpatch	537 747 523 817
sower	416
space	643
spark	921
speak	1324 920 1052
speaks	519 1420
special	53 104 215
specifically	381
spectrum	1063
speech	1383 1387 1323 1291
speeches	906
speed	940
spelled	566
spin	572
spiral	706
spoil	329
spoiled	911
spoiledgirlfriend	329
spoilers	329
spoilher	329
spoke	407
spot	1535 240
spotted	117
spread	428
spreading	957
squad	198
sr	915 1302 159 643 551 587 660
staat	525
stairs	773
stancu	960
stand	633 463 807 524 1014 914 587
standed	120
standing	363 505 728 391
stands	1342 914 100
stankeyboy	1113
stare	1232
stars	1136
start	706 1260 1543 1530
started	883 877 900
starting	706
state	253 1011 1312 1190 196 840 167 753 702
statement	420
states	269 592 1292 967 138 648 1132 1380 660 642
status	1009
stay	627 566 827 786 1087 27
std	495 514
steal	660
stick	1353 1135
stil	559
still	660 1035 900 1037 1578 555 667 720 975 406 120 877 111 531 1100 883 1122 544 68
stoic	1531
stone	167 974 1561
stood	1236 167
stop	957 290 757 536 839 952 360 213 1135 664 627
stopped	660
storm	1543
stormy	1229
story	51 952 613
straight	799
strange	752
strengthen	702
stride	510
stringsmom	1104 874 851 786 793 819 877
stroke	1340
strong	840 1527 26 134 830 996
structural	1320
study	1087
stuff	213 900
stupid	1021 900 262 1463 1544 247
su	159 532 299 1111
sua	898
suas	898
successful	450
sudden	460
sugar	329
sugarbabydating	329
sugarbabyusa	329
sugardaddy	329
suit	1070
sums	298
superar	898
support	290 877 466 883 1063 900 1320 1482 63 925
supported	900 877 883
supporters	874
supporting	180
suppose	311
supposed	766
supreme	553 263 1237 530 464
sure	384 1084 104 1204 524 290 281 1403
surgery	922
surprised	1576 327 359 377
survive	660
susanus57	1437
swab	267
swamp	62 1432
sweet	155
sweetie	1047
sword	446
system	757 919 767 1320
table	1145
taegonx	884
tag	1184
taiwanese	967
take	1247 1234 113 1584 1143 1018 685 1324
taken	573
takes	660
taking	1444 670 911 93
talk	689
talked	1383 398
talking	381 619 633
tan	1093
tape	685
tapped	1403
tards	1092
taromi	430 782
tasha	768
tax	1018
taxes	512
tbm	677
te	456
teach	1396
team	894
tearful	660
tears	883 877 900 798
television	1135
tell	772 899 577 819 1353 337
telling	672 696
tells	1473
temos	898
temporary	1361
ten	899
tender	660
tenga	741
tengan	320
tengo	159 462
tension	1351 38
ter	903
terem	898
teremos	898
term	587
terminator	1232
terrible	912 1537
terrorism	1416 1412
testimony	514 1380 495
text	167
tf	803 1467
tgee	308
th	634
thank	1303 851 418 1015 857 831 786 1086 205 1287 116 982 589 798 593 459 918 1150 470 1036 528 1361 1106 159 444 935 507 1120 826 655 899
thankyou	109 1247
thats	1058 1062
thatssomypresident	1342
theme	949
thick	198
thier	914
thing	1095 814 685 92 1537 1270 1248 851 1482 1073 383 348
things	1531 1353 122 267 814
think	1043 1048 717 908 771 573 114 958 1100 538 1335 319 1011 710 1296 103
thinking	683 245 284
third	170 1345
tho	555 786 920 427 400 1387
thomasennis1991	1132
though	167 894
thought	660 423 633 111 349
thoughts	763 1101 735
thousand	660 1420
thousands	1353
thouse	1073
thread	432
threat	1018
three	491 1341
throughout	1473 460
throw	466
throwing	632
thugs	1275
thumbtack	1074
ticos	903
tie	326
tienen	299
tifaniii	1177
till	868 1257
time	754 1129 429 1524 1202 1335 890 779 1183 643 1452 1484 1258 341 359 543 1482 1095 1479 660 337 428 943 327 899 906 92
times	1452 460 798 1514
tiptoed	660
tirano	320
tired	1135 276
tis	242
tmz	239
tobe	1129
today	260 820 632 1135 536 981 1012 559 1015 1227 16 660 1362 271 497 877 338 1103 194 574 184
todos	898 929
together	338 1335 658 290 1479 335 1578 1353 477 438 1519 676
told	900 1362 1166
tomorrow	245 1353 1484 660
tonight	329
took	676
top	423 543 798
torch	847
torture	1018
total	281 876
totally	494
touch	660
touched	574
touching	620 686 801
tough	1065
tow	1540
toward	290
tower	263 464 530 553
trabajar	159
trabajo	456
trabalho	600 898
traditions	1092
traffickers	874 267
trafficking	87
trail	900 883 877 660
train	1247
traitor	1462 789
traitors	523 1321 426 37 823 769
traits	163
tramp	400 1421 133 602
tranny	1550
transforma	898
transgenders	874
transparency	104
tras	456
travel	757 259
treason	1240
treasonous	104
treasury	267
treatment	381
tribal	835
tribute	522 168
troll	1463 841 432 424
trolls	1487 837
trophy	423
true	602 586 643 258 641 704 874 1082 688 1036 1274 1383 285 425
truely	1390
truly	722 587 1403 1122 1284 615
trump	188 606 915 347 1493 1236 765 1578 521 1403 343 878 760 563 359 925 662 759 1381 666 400 1243 222 906 1247 1433 648 111 16 932 935 1119 159 259 1366 675 1503 1551 401 893 91 952 678 331 215 551 470 1548 25 874 683 628 1100 328 1351 167 685 1497 1345 1096 523 623 1341 471 327 497 326 1095 209 1340 1093 632 363 835 737 694 319 1531 1206 996 633 1005 642 1445 861 1011 855 581 1075 641 706 1074 1447 1532 524 1320 823 1316 584 459 197 847 1069 104 47 710 303 827 370 586 302 536 299 424 1060 1289 711 912 886 464 653 116
trump2020	779 576
trumppence2020	925
trumps	698 875 1403 1440 1389
trumpstrs	559
trumptrain	23
trumpwads	789
trumsters	703
trusted	955
truth	865 708 672
try	1444 227 115 900
trying	62 361 706 710
tudo	332
turkey	753
turn	1135 188 883
turned	383
turning	444 660
turtlekeeper13	919
twitter	627
two	92 1584 1253 77 245 1321 823 819 1275 1100
typo	548
u	1531 900 521 883 563 877 1368 329 559 104 1027 427 825 1461 1467 466 1143 246 1482
ufo	102
uh	190
uhhh	1453
uk	267
um	898 903
uma	903
ummmmmmmmmmm	411
un	456
una	299
unaccountable	104
unamerican	222
unblemished	104
uncomfortable	1053
understand	1116 1134 1074 1218 1192
understandable	1497
unemployment	1320
unfollowing	276
unfortunate	37
unhappy	1105
unheard	660
unidos	929
unimos	539
uninterested	1488
unite	1116
united	967 648 1380 119 275 642 269 592 1292 138 1132 660 91
unity	333 1362 596 702 813 1274
unlearn	804 810
unless	816
unlike	606
unos	539
unpatriotic	704
unseen	660
untouched	104
untoward	1221
upfront	1357 1380
upon	660
upper	415
upset	1122 585 1578 1341 1271
upside	88
us	694 49 120 1415 1163 894 1487 1035 101 1147 910 267 660 1018 1116 1362 753 943 1473 751 820 963 643
usa	840 478 187 1077 989 1335 282 471 629 1243 1388 267 609 889 259 614
usairforce	180
use	1386 92 814
used	381 572
useful	1323
ush	39
using	543 155
usmc	598 658 245 480 1253 574
usnavy	180
usual	368 1051
v	985 634
va	470
valor	299
valorizar	898
values	840
vamos	159
various	381 613
vatt	739
veil	660
venezla	539
venezolano	159
venezolanos	320
venezuela	653 650 929 539 147 657 662
ver	462 299 903
verify	267
vez	539 299 320
via	1362 702
viajando	451
vice	735 167
victim	267
victory	683
vida	532 456
video	679 746 167 10
views	913 1012
vilified	830
vincent	1339 1427
viral	985
visit	291 1098
visits	1276
viva	161 343 216 225 164
vivaamerica	373 374
vivairan	373 374
vivashahzadehrezapahlavi	373 374
vivatrump	374 373
voice	1548
volosinmartha2016	1052
volumes	519 1420
votar	320
vote	1087 925 965 587
voted	573 587
voted4trump45	117 201 305
vuelta	462
w	454 1514 269 1481 729 1049 643 910 894 260 304 1022 978 745 693 733 1036 660 771 167 126 407 200 1310
w64him	242
wacko	772
wahooo	521
wait	848 868 1067 730
waiting	133
wake	1410 572
wakes	1278
walk	1229 660 1323 1440 867
walker	626
walks	207
wall	965 267
walls	207
want	448 495 1135 465 1170 900 514 225 1140 1141 771 753 1126 1125 420 161 646 72 627 282 687 633 1291 164 1154 1327 216 906 1489 904 1157 1035
wanted	900 908 886 883 877
wants	859 406
war	1060 526 702
warcriminal	440
warming	221
warmonger	1046
warrior	1483
wash	912
washington	1293 723 180 867 660
wasnt	506
wasting	1018 906
wat	494 466
watch	679 221 1383 1514 985 1531
watched	1452 1383 660
watchfixer	1025 1065
watching	736 1390 349
waters	1418
way	1035 498 900 383 954 1531 1168 114 781 1472 995 1316 400 427 562 1335
ways	53
wcjames	432
weak	59
wealthy	333 1362
week	536 751
weeks	245 1253 467 92 1484
weighs	1041
weird	1550 363
weirdos	708 906
welcome	1155 916
well	647 678 1353 242 623 466 1112 1106 566 134 593 281 16 737 285 1270 400 1426 1084 633 826 1455 1452 37 577
wellcom	928
went	593 1383 1034
west	1018
western	406
wh	853
whatever	1035 877
whats	624
whatsapp	945 751 1380 1362
wheel	572
wherever	660 643
whether	1435 1043
whiny	717
whisper	643
whispered	278
whispers	1258
whitaker	1584 1232
white	222
whitehouse	1247 925
whole	1443 327 359 229 559 1531
wicked	736
wide	381
widespread	1320
wie	1324
wife	1441 1324 884 624 671 1340 660 1059 1287
wifeb	1436
william	893
williamconyer11	558
wilmshurst	1174
win	751 989
wind	1116
wine	950
wing	772 248
wingers	685
wining	945
winning	543
wisdom	1548
wish	1380 972 259 290 947 758 333 1362 913 888 754 874
wishes	229
wishing	286
witch	561 863
witchywoman	1106
withe	510
within	1253 428
without	543 733 1380 1248 982
witness	947
witnessed	722
wives	569
woke	950 523
wolves	1475
woman	685 830 1071 544 767
women	848 919 446 629 645
wonder	398 284 1114 613 914
wonderful	168 989 1361 798 995 1158 1480 1088 206
wondering	277 752
word	878 660 1473
words	153 1420 714 717
work	1383 750
worked	467
working	1530 1353
works	470
world	1247 1142 660 1211 702 1362 53 574 336 403 133 1397 952 333 1227 1345 867
worry	1260 919 493 384
worship	1247 1312
worst	146 835
worth	1457 1420
worthy	138
would	853 682 163 966 771 1497 1543 466 971 949 1510 1107 1106 886 594 819 820 1078 1074 723 1063 1060 1053 1323 113 531 851 1410
wow	1440 1048 808 724 975 1322 53 379 670 111 517
wrecked	1119
wrenchbouquet	1491
write	877 1070
writing	906
wrong	809 1404 1104 140 566 248 900 383 923 55 469 1022 372 43 337 97
wtf	1323 360
wth	469 923
wuv	1383
wwg1wga	779 444 88 926 885 879 760
www	985
x	868 907
x4	1223
xd	617
xenophobe	248
xin	634
xlvi	1219
ya	672 539 159 838 536 1540
yahoo	1531
yea	560 1423 521
yeah	190 1398 1558 447 1304
year	610
years	89 660 900 971 331 1100 696 406 1340 367 883 1087 180 798 954 877
yemen	1465
yep	1204
yes	393 814 202 506 1103 1452 793 569 840 1473 484 568 533 951 1436 652
yesterday	1514
yet	722 877 660 1323 489 1100
yo	1 975 159
yonde	1570
yoooo	200
young	89 572 1345
younger	1340
youth	1320
youtube	1383 985
youu	786
ypg	19
ypu	521
yr	1323
yrs	1408
yup	128
zach	896
zacharybarber12	888 767 399 1464 260 479 566 1315 40 43 194 446 155 890 136 703 1005 988
zd	1469
zero	444
zipcode	267
zohrerjbr	124
zombie	415
zoom	415
ztbdjpqmra0	985
ztmiller54	661
	267
	267
	440
	267
	1405
	898
	840
	1236
	1521
	894 81 688 1228 356 1424 973 321
	1178
	1171
	1239
	1217
	1216
	267
	1449 1450 1326 1451
	1438
	501 1367
	1028 1287
	1431 1247 109
	1167
	334
	156 414 932 173 334 314 702 154 1555 400 1028 485 511 1031 168 1308 1381 1539 649 991 845 48 37 644 483 189 1454 937 722 297 529 915 1541 692 592 820 135 436 1094 1342 885 1102 441 550 1247 868 401 1246 1123 500 811 545 684 69 1238 1474 806 408 575 130 626 27 459 1417 1216 571 961 1549 461 124 123 654 613 1209 81 1206 620 251 540 343
	1357
	501
	1247 915
	1466
	39 1466
	1466
	1466
	1247
	1521
	1247
	1499
	125 35 29 1121 550 174
	867
	475 154 481 7 120 802 1546
	576
	1555
	656 1485 1367 125
	1250
	1364
	1451 1449 1450
	78
	1209
	78
	162 106 1353 25 500 574 408 683 499 973 686 497 867 34 332 688 876 982 323 675 1364 674 1337 692 991 642 1325 37 576 1538 412 1002 314 862 109 1006 578 176 855 311 1012 1552 854 1553 334 41 850 640 153 1021 422 1026 1313 303 709 44 1028 483 665 1031 1431 648 1381 845 639 187 1036 424 1555 1284 297 296 829 52 822 1075 1077 199 528 1078 1082 591 732 140 1426 564 1086 433 515 94 434 351 1263 1424 473 1090 1573 1392 631 437 885 815 1102 1103 1251 1470 627 61 597 443 1117 1400 813 268 571 1120 1246 1499 758 1240 892 812 894 902 545 760 228 380 1475 606 455 626 609 897 236 127 126 461 1578 374 123 777 778 658 242 787 457 373 108
	1485
	840 1247 915
	1179
	483
	915 123
	405
	204 346 1263
	352 54
	90 54 189 224 234 52 401 323 663 976 364 1080 343 1555 1425 173
	54 1298
	936 94
	936 1309
	135
	239
	1080
	1055
	1055
	140
	819 932 1247
	874
	1485
	483 932
	322
	11
	1178 1213
	275 267
	242
	1179 1213
	818 1572
	1239
	1032
	1475
	273 1407
	960
	664 458
	458 788
	742
	425
	816 352 808 810 54 180 366
	227 301 54 590 50 838 1389 584 153 1020 42 1373 581 1360 354 1010 692 1573 1001 1244 180 1144 1485 334 1541 33 31 952 204 461
	744 1441 213 440
	334 119 1434 814 270 46 514 1075 238 495 843 663 844 1478 265 409 709 959 204 257 322 113 255 326 725 665 1274
	405 374 275 1582 373 1548
	1430
	1405
	386 793 416
	200 136 1247
	1247
	963
	54 135 1538 199
	162
	1395 1394 1159 1458
	686 350 1263 1548 1325
	1191 1090 995 481 1425 1400 401 31 230
	401 1006
	501 156 562 1500 915 1367 373 401 374 1216 1159 98
	78 29 20 22
	22 20 78
	1405
	1392 1569
	1405 275 242
	1521 1405
	1485
	1171
	334
	984 971 1340 396 954 965 569 865 239
	258 813 106 1445 822 478 13 1552 1273 1090
	173
	1253
	10 1466 303 996
	1357
	1357
	1055
	476
	813
	10
	1466 11
	10
	10
	10
	274 200 1279 572 1430 258 1451 265 994 1450 1449 885 1034 10
	1362 333
	509
	1431
	356
	60 383 66 274
	492 488 405 1582
	1179 1213
	1521
	369 782 780
	814 820 1318 826 119
	1467 1245 1544 1231 1226 1223 969 1220 1469 1213 776 1260 1193 1264 409 84 1175 200 1482 1404 1171 1280 1167 865 928 193 1162 192 1161 392 635 880 790 262 797 1490 1491 1492 486 1447 695 1444 810 163 602 107 886 673 1370 599 358 1021 305 145 1427 1584 136 1423 817 1047 585 1054 1040 1038 553 293
	966 180 216
	274 868
	1405 1247
	1348
	915 259 90 1106
	692 1474 816 1397 989 1385 841 120
	405
	1486 501 1325 1097 576 1273 1093 1539
	1450 1449 357 56 1451
	453 924 1258
	1256
	1221 1392
	564 94
	154 1313 94 1326 78 936
	1393
	1017
	511 1546 1555 1547
	820
	1490 538
	1378 445 1434 565 1261 1013
	1438
	561 1023 953
	866 1535 846
	1156 121 130 1395 137 150 1379 499 1309 534 732 1249 237 244 1159 264 601 1083 294 842 46 416 32 930 395 1575 382 378 5
	13
	483
	953
	303
	612 52
	243 1382
	665 7 991 743 1250 1247 1188 784
	1273 1495
	1084
	1261
	728
	94
	1247
	1145
	1423 372 1566 1561
	199
	821 600 65 811 208 1564 140 53 48
	1538 314 578 603 79 252 982 812 580 461 970 1476 868 961 139 1247 90 854 1250 41 1252 750 745 268 208 443 421 1267 574 876 95 16 942 200 1273 442 1108 334 412 584 535 441 1555 1285 191 135 339 189 61 716 343 1094 564 54 1028 1306 483 1313 640 173 1337 165 1353 1354 674 1367 1376 1377 892 1518 1431 123 437 149 571 140 1090 527 1061 297 1039 1064 1138 999 452
	1223
	334
	1247
	1384 1296 1403
	7
	1485
	489 474
	1025 370 1299 863 265 1280 1283 140 784 1010 474 1021 506 673 489 1226 465
	605
	881 365 1161 956
	756 1030 358 788 993
	1130 1131
	760
	1175 1171 1167 1170 1174 1220 1247
