true	285 1082 258 1036 602 688 1274 425 641 874 586 643 704 1383
🔥	1034 885 274 1279 10 200 1430 1449 1450 572 258 265 994 1451
everyone	1122 897 689 391 883 754 506 489 799 1346 703 1135 1479
united	91 275 642 592 648 967 1132 269 119 660 1380 138 1292
better	853 250 248 1107 1353 771 627 411 1427 966 761 1323 957
big	669 1474 789 717 1205 1461 1208 1561 1380 683 868 1233 736
jimmy	624 1037 353 84 866 519 1574 167 1235 93 1007 975 1003
al	1330 1233 636 568 271 167 559 202 67 270 228 769
also	685 877 167 900 817 1550 587 954 781 1484 446 1112
hell	254 312 1353 1082 645 1143 728 366 1034 928 248 306
hw	731 429 372 734 773 272 813 606 1004 1536 456 978
may	660 563 1349 645 1287 1353 820 1514 826 1556 1257 429
nice	596 831 1148 422 573 1180 1479 227 1168 293 670 220
nothing	1038 70 310 497 877 68 1427 43 97 248 1113 336
number	839 335 833 834 820 836 837 797 1132 826 831 804
show	1353 618 335 1429 1544 489 1293 345 540 1566 1142 699
wish	290 913 888 1362 1380 754 758 972 333 947 259 874
chelseaeiben	1278 593 1327 781 1041 997 152 1112 1505 266 1053 668
never	851 101 1095 1048 1106 660 720 1473 1163 643 757 573
thing	1482 1073 1248 685 1537 348 1095 92 814 851 383 1270
together	658 335 1578 338 1479 290 676 477 438 1519 1353 1335
💙	156 1367 1216 1500 401 98 501 1159 374 915 373 562
casket	256 894 613 587 977 759 542 1574 276 910 734
china	820 837 804 836 834 797 833 831 839 427 826
comment	1270 13 817 784 1346 1316 423 247 763 747 293
hatton1776	568 1330 636 1233 270 559 228 769 202 271 67
human	1112 678 1386 919 793 1479 1227 1484 493 559 785
keep	1548 286 708 835 1107 874 521 643 563 763 354
wow	975 1440 1048 724 1322 517 670 808 379 111 53
clintons	1113 1543 500 1447 463 736 914 819 632 363 619
honor	813 242 1012 613 324 1315 138 368 551 532 109
lady	400 389 1480 1389 476 497 1260 89 80 1275 876
racist	131 249 848 877 883 1567 1563 1038 1558 1058 1062
stop	213 757 536 952 1135 957 290 627 839 360 664
back	1212 254 958 424 924 660 181 92 1447 1247
every	719 957 660 1442 1492 267 1278 88 1009 432
many	197 919 1041 638 913 460 1038 900 53 167
military	101 613 268 1033 1317 798 773 1453 1057 180
nation	1237 1116 100 1190 805 1321 706 632 214 684
sorry	696 1388 1521 44 309 1533 1531 1247 912 760
support	290 877 466 1482 1063 883 63 900 1320 925
💪	1090 106 13 1552 822 1273 1445 478 813 258
2	543 246 359 327 1531 1484 751 188 1475 1253
flag	155 542 894 754 71 1470 1242 278 910 88
poor	672 1463 577 384 1334 1531 281 1074 1109 828
sit	877 1440 1533 309 1275 200 37 1531 1059 671
someone	1496 1015 808 73 804 899 614 1457 1463 540
something	1463 1270 308 794 325 371 536 877 1384 522
states	269 642 660 1380 967 592 1292 648 1132 138
two	819 1321 823 245 1275 1100 1253 1584 92 77
christian	1463 167 1074 425 878 1497 577 1349 1109
follow	40 17 551 963 880 893 925 1063 1486
full	1531 238 632 874 865 798 495 514 828
hilary	1341 1030 680 330 1105 166 9 1510 1443
melania	209 400 689 215 876 1381 704 465 1076
old	965 1527 610 1323 971 1087 587 1415 1408
place	467 531 353 1484 1543 506 1361 1262 574
state	196 253 1312 702 167 1190 753 1011 840
wife	1441 671 1287 1324 624 1059 1340 884 660
💖	1425 1191 481 995 401 31 1090 1400 230
anyone	1429 678 1470 832 407 1324 1463 77 336
aside	355 685 1315 1012 613 943 92 1479 598
believe	723 1332 1340 1293 1270 1567 877 1199 1275
death	660 336 146 1412 1247 1414 1413 838 1411
killary	1448 1520 1327 122 998 435 1067 668 83
n	634 1359 554 1469 898 1089 449 299 21
p	179 332 175 614 1326 674 741 693 1502
pay	1479 1270 329 355 281 1531 1484 512 336
photo	88 1043 913 1315 852 987 734 616 1302
wonderful	798 1480 168 206 1361 1158 989 995 1088
💩	1340 396 569 954 239 965 865 984 971
🙌	1564 821 65 53 140 811 208 600 48
45	1415 968 894 477 925 63 18 184
americans	830 643 660 702 1544 94 338 328
another	781 1479 820 817 572 1484 1046 494
brodyjohnson20	705 97 518 100 87 55 190 148
en	532 741 159 929 1396 299 456 539
home	1473 1403 1148 840 1361 1026 155 1018
mean	774 1276 717 1113 84 710 630 1330
prince	225 1402 562 216 161 164 1345 1320
said	1455 1531 587 900 163 877 883 1227
side	1410 927 900 877 1397 1403 207 643
sure	290 281 524 1084 1403 384 104 1204
take	113 1234 1324 1247 685 1143 1584 1018
😊	1474 1385 841 120 816 692 989 1397
2020	25 855 424 34 303 347 683 932
bring	779 702 874 1200 167 660 676 666
business	333 11 1288 450 751 1362 919 767
criminals	1531 632 420 486 1398 493 1550 44
done	474 877 16 750 1426 883 1242 798
father	660 366 269 1481 1383 407 229 1396
shows	1315 746 1340 249 167 386 450 1578
son	1390 138 447 1018 366 1383 134 539
♥	1424 356 894 1228 81 688 321 973
😍	1093 1097 576 1273 1539 1325 501 1486
😭	991 665 784 7 743 1247 1250 1188
5	1323 88 1519 985 861 1163 610
actually	877 977 1380 1048 618 670 583
amazing	296 734 559 1419 1227 1473 428
amen	1556 636 791 1257 135 1570 1110
around	111 660 1035 114 1361 633 599
beckman	922 921 1087 965 924 880 906
bet	278 155 699 680 512 993 1041
c	893 929 1346 1353 196 611 634
dm	907 945 329 333 11 1009 1362
end	757 660 221 1043 1009 728 1531
future	480 245 1253 658 598 1035 574
give	954 1070 1291 1408 476 1151 819
hi	333 1320 1194 1166 1155 1027 12
lock	474 822 1100 698 385 1113 1531
loser	327 889 974 1032 58 359 128
lot	1253 327 476 1324 587 274 359
mia	924 906 1087 880 922 921 965
obummer	699 670 122 1221 846 1488 1460
others	500 510 425 723 1543 1297 660
person	1147 449 1473 384 1007 1284 1448
political	386 477 1012 757 1386 1063 40
que	532 159 462 299 539 903 898
sr	551 643 1302 587 915 660 159
stringsmom	1104 793 819 877 851 874 786
venezuela	650 929 147 662 657 653 539
wwg1wga	444 926 760 885 879 779 88
🇮🇷	475 154 481 120 1546 7 802
4	1044 977 1160 698 104 426 1475
agree	819 315 1203 67 1291 249 1314
