president	602 1077 1075 215 1074 690 684 693 694 683 16 359 1514 696 370 211 682 1493 1095 1096 675 702 673 671 1521 209 704 1107 1043 666 706 355 709 713 1119 118 1529 116 226 115 206 1019 1481 733 205 343 734 341 737 1012 1480 1150 745 386 648 1158 750 151 753 989 1531 229 642 1532 637 760 1200 239 628 1206 400 1536 626 967 623 104 771 777 613 1236 331 779 1247 1470 786 947 793 587 1468 586 249 1548 584 876 194 1271 37 935 800 575 283 418 1275 925 805 1550 1461 1284 1287 327 563 188 89 1302 552 551 546 910 426 819 909 1317 1323 1324 823 1325 828 536 829 428 1441 528 80 522 835 44 1346 1361 894 312 1366 497 889 1426 269 1384 1386 310 885 850 48 1573 1387 1388 276 271 1421 167 469 877 454 867 1578 173 272 459 457 1403
🇺🇸	692 1246 1240 1251 106 108 1263 109 94 1120 1117 1103 1102 123 126 127 1284 1090 1086 1082 1078 1077 1075 1036 140 1031 1028 1313 1026 1021 1012 1006 1002 991 153 982 973 1325 1337 162 902 894 892 885 876 1353 176 867 862 855 854 850 845 829 1364 822 187 815 813 812 787 1381 778 777 199 760 758 61 732 709 1392 1400 688 686 683 675 674 665 52 658 228 648 1424 642 1426 640 639 1431 236 631 627 44 626 242 609 606 597 591 41 578 576 574 571 564 545 37 528 1470 34 515 1475 500 499 497 268 25 483 473 461 457 1499 455 443 437 434 433 424 422 412 408 380 374 373 1538 296 297 351 1552 1553 1555 334 332 323 1573 314 311 303 1578 897
trump	303 551 563 524 259 523 581 584 586 521 1447 606 1445 623 628 47 632 1433 633 641 642 648 653 497 25 662 222 666 675 678 683 685 215 1403 471 694 706 470 209 710 711 737 1493 464 1497 759 760 765 459 197 1381 1503 188 1366 823 827 835 847 16 855 861 874 1351 424 878 886 1531 893 1345 302 167 906 912 401 915 1341 400 925 932 1340 935 952 159 1243 996 1532 1005 1011 1320 1316 370 363 1060 1069 1074 299 1075 91 359 1289 1548 1551 1093 1095 1096 1100 347 343 1247 1119 104 116 331 328 327 326 111 319 1206 1578 1236 536
bush	407 104 355 713 162 715 1522 1036 918 138 1049 269 587 167 1026 1386 813 614 494 915 1022 729 731 733 1274 575 827 418 734 861 1282 1531 341 1287 626 694 1514 271 886 745 693 1291 750 801 1302 261 214 1559 1310 819 634 552 173 551 109 1315 194 546 941 1556 306 200 454 910 1432 643 1401 875 847 456 272 1536 504 894 909 678 771 535 229 1481 386 674 773 522 126 304 1570 1435 871 1353 948 949 660
🙏	421 483 208 1039 892 1247 441 603 139 1250 716 189 1252 442 140 854 1518 1028 1354 412 1267 1108 876 584 812 1353 580 61 578 191 252 1273 95 135 1138 437 54 123 574 165 343 1061 571 268 1064 79 1285 961 339 564 149 297 745 443 527 314 90 750 1377 1376 674 868 1555 1337 999 1306 1313 1476 1538 173 535 1094 452 1431 41 200 640 970 16 334 942 982 461 1367 1090
like	371 1571 1035 581 446 1531 306 835 841 23 900 331 1222 781 974 1135 217 272 1195 769 660 72 1193 724 521 233 719 1489 840 1233 950 1346 827 200 1077 425 212 758 1109 1457 472 820 610 1473 1071 722 558 971 103 993 449 865 384 559 500 678 63 1271 594 248 923 439 115 567 386 689 809 340 1496 1003 522 919 899 476 810 281 825 587 163 875 646 249 893
❤	684 1454 1308 571 575 251 37 550 414 592 545 408 1247 1246 1238 613 168 620 885 1216 1474 540 401 626 1209 1206 400 644 649 654 845 868 1123 27 529 81 1342 123 1102 124 436 130 1094 314 297 692 135 441 702 511 500 1031 722 1028 48 69 1381 343 459 485 991 483 154 334 156 1539 1541 961 173 461 1549 937 932 806 189 811 915 1555 1417 820
😂	1444 1492 293 84 969 163 1469 1260 1264 585 1427 1404 1584 1467 1245 358 1047 1021 145 810 136 1482 486 1231 1280 409 928 1054 1226 880 1223 599 865 1220 695 1213 1423 200 553 1370 602 1544 107 790 192 817 193 262 673 776 1038 1193 1490 635 797 1175 1171 1447 392 886 1040 1167 1491 1162 305 1161
obama	406 240 1577 1549 400 1535 761 633 617 1277 420 200 615 395 38 111 569 172 809 1578 583 389 646 585 554 203 736 886 186 410 823 1236 86 1059 719 605 1332 1040 356 1109 377 707 1525 281 1104 302 1048 439 1242 1341 1520 494 219 891 947 1381 278 1436 167 317 948 1576 625
god	684 229 283 1345 574 564 563 820 986 514 1116 1026 1354 720 589 1292 787 592 100 507 593 1361 1295 89 429 173 49 1247 1335 940 1108 876 851 1556 773 1120 1516 495 801 1480 104 1473 1060 1514 899 1206 1422 805 806 643 1381 631 500 660 1075 214 187 638 232 1553 230
one	141 660 512 466 1561 1036 685 755 1332 1116 841 691 684 429 1489 1464 760 331 629 1563 598 71 1044 1509 670 267 1047 878 1341 1100 518 172 62 1420 647 1010 579 1151 104 1012 160 197 911 957 599 734 426 1087 870 1387 886 1383 186 1144 695 1403 1410 722 643
hillary	359 983 104 793 612 520 1340 635 1098 71 700 510 291 1421 895 398 1027 1122 1010 899 1051 370 1540 950 974 476 1024 740 1381 1444 1104 386 1271 599 1262 719 645 1248 1071 1334 143 877 277 1258 468 327 274 900 1535 1224 140 697 243 167 459
rip	813 731 341 1013 223 507 651 745 283 309 715 294 200 445 871 1538 762 980 1446 496 182 36 346 1583 563 32 1527 1216 211 4 552 829 783 500 1227 318 1565 1099 546 946 940 606 454 575 191 1559 503 1064 1255 1061 535 591 842 221 1268
mr	1388 470 765 1107 1200 138 1533 1158 1361 773 623 1573 1380 671 37 779 821 614 454 1150 867 546 205 889 734 674 528 1548 1578 401 610 941 44 1247 800 850 805 1019 1503 1426 1275 162 457 418 915 682 325 912 133 876 989
bawbeakari	632 990 375 637 282 291 292 648 744 1015 58 681 487 1098 490 181 420 319 360 512 1404 905 286 522 212 917 1512 262 555 560 397 365 1127 572 390 1276 1274 934 939 792 247 607 1030 1540 424 764 169 1021 630
respect	302 948 1324 918 913 1531 982 122 1346 1134 1136 531 1147 540 860 848 444 336 89 1311 195 760 759 754 1163 59 58 469 271 699 1403 1270 678 489 226 1429 236 632 238 618 601 1054 587 521 345 249 355 335
great	180 450 429 1386 1461 283 495 72 1361 73 514 515 1335 1320 289 1300 1475 559 1284 572 94 584 386 384 867 621 628 296 1119 673 678 1093 694 1060 704 1036 1019 733 987 947 793 1550 312 1573 897 894
people	1521 683 662 1038 138 719 1134 660 723 1531 1135 653 1353 650 77 1533 200 967 381 952 406 526 530 53 1247 282 1253 1335 919 883 913 912 577 1477 315 568 562 310 48 428 180 558 840 308
clinton	877 1578 316 1510 370 23 394 400 420 43 1421 1410 513 1351 1340 86 87 554 1277 1276 97 104 630 235 633 678 689 695 1059 704 1043 1040 746 947 803 923 302 823 167 830 900 886
look	486 51 819 1447 810 809 459 1277 804 306 500 933 219 531 612 1341 613 1236 71 287 785 317 617 1283 1104 415 866 697 877 1195 1107 361 752 9 738 835 883 1294 115 510 1383
love	1247 172 875 862 856 837 832 806 957 768 982 996 211 701 691 133 1107 662 660 228 653 1273 89 88 1367 1381 1383 482 1387 1390 1402 1410 48 427 411 290 18 1521 1548 1549 329
bless	1292 1556 230 229 1422 232 638 684 986 1087 631 1206 1026 1075 214 283 104 1060 876 1516 720 500 773 1120 49 787 507 592 589 806 1480 805 801 1108 1514 1295 187 173 1335 1553
good	1543 605 979 1257 386 751 290 1015 1035 282 573 489 706 627 1278 521 816 348 694 354 1380 825 688 1521 877 70 180 1353 838 1498 863 1135 308 559 1144 546 554 1474 512
see	848 1118 407 723 406 568 541 1480 706 1035 1240 719 900 1270 861 1135 1257 438 1073 477 1498 838 491 705 1383 1479 354 614 660 505 515 666 596 632 134 1410 645 911 439
man	688 1403 467 168 867 450 1387 447 312 1361 512 1353 1345 1340 1558 1320 554 1300 94 284 796 767 628 989 733 28 722 717 1529 1037 1527 669 358 678 134 362
41	542 163 910 775 1274 1387 1578 126 104 940 693 729 548 894 1022 457 309 211 515 1099 1004 564 869 335 947 283 184 871 182 591 504 978 71 1061 221
george	894 269 1022 304 372 606 729 731 910 272 733 454 643 1310 1481 1552 745 1009 693 1359 949 813 660 1536 1522 167 456 771 1353 626 1036 1049 407 1293 1514
america	1135 72 592 631 660 706 119 948 577 1074 384 48 986 756 853 702 589 450 1272 267 851 618 281 1026 1463 847 239 1553 1292 672 1109 232 1335 377 173
funeral	1095 899 131 1473 417 686 637 1076 186 134 886 676 1496 349 296 226 104 1274 536 371 1271 1386 47 1341 192 1387 386 152 795 167 897 197 1401 1112
heart	356 1467 77 468 719 660 506 353 531 809 519 1048 325 670 866 410 870 1384 1087 618 1508 1322 221 541 394 1085 914 311 146 982 1415 1435 377 1576
peace	1036 126 1133 660 1578 773 1335 1481 455 1528 626 39 437 972 515 1353 304 153 1291 1282 909 941 1514 8 499 498 452 702 1049 691 867 1257 133
rest	452 455 126 773 515 1282 1036 1278 1291 8 909 1578 1415 660 348 1257 229 972 498 499 1481 39 304 941 1133 429 867 1353 437 626 564 1514 1049
want	282 164 633 1140 1135 753 1141 161 627 646 1126 1125 687 420 1291 900 216 1154 771 448 1157 514 1170 495 72 1327 465 904 1489 225 906 1035
hand	541 643 311 77 993 1059 506 670 415 1508 531 719 809 508 353 1384 115 1576 1224 1489 410 1415 1048 618 866 914 389 356 240 325 519
thank	798 1106 470 589 205 593 1036 857 507 1303 851 1361 159 1150 1086 918 1287 444 459 831 982 826 528 418 935 786 116 1015 655 1120 899
👍	354 1360 952 1485 54 227 1144 1541 461 31 153 42 334 50 1389 692 1373 1001 180 1573 33 1010 204 1020 838 581 1244 584 301 590
carter	796 1084 624 728 1003 1007 531 1574 1554 690 1441 167 1468 93 1508 505 1384 89 1037 1513 861 1235 387 866 404 302 113 519 1415
next	899 37 1247 429 1531 1574 1440 1368 519 1135 309 1533 400 1203 1059 1473 1403 823 1275 625 912 673 435 1490 250 671 728 200 635
😢	499 1379 378 137 150 930 842 1083 121 237 1159 5 1156 1395 1249 32 382 1309 534 244 294 395 1575 264 601 130 46 732 416
looks	1271 781 583 901 993 585 846 136 1105 1221 605 1093 435 841 825 1071 1122 1262 719 1341 863 1571 950 1077 140 203 1340 83 1023
realdonaldtrump	925 1237 253 1229 309 102 1222 139 225 269 709 779 805 1368 373 385 448 1367 147 374 180 75 429 115 894 903 982 918 398
would	819 1543 531 949 1053 723 113 1060 1063 594 886 1510 851 1074 1078 1497 682 1107 163 1106 853 971 466 771 820 966 1410 1323
family	1556 521 507 614 948 840 1026 1514 1383 947 214 1101 180 229 1531 678 222 134 109 573 1516 1361 801 418 138 698 386 559
beautiful	688 1078 215 686 1076 221 1073 1514 1128 660 1028 649 733 112 755 1275 402 1353 417 876 268 897 840 1389 884 431 1436
time	779 1129 899 428 1183 1479 543 429 660 327 1095 754 341 1258 1335 1202 1452 890 906 359 943 1484 92 643 1524 337 1482
👏	843 113 119 257 255 495 514 265 1075 959 1478 238 665 663 204 709 1434 1274 334 409 46 844 326 322 270 725 814
lol	266 769 197 669 1105 235 524 765 502 786 38 245 263 1051 1492 1482 880 459 919 1444 646 1114 310 358 1144 468
looking	759 1245 219 799 362 788 1229 1221 825 172 468 702 660 1574 1323 345 1164 996 463 1389 1118 1051 107 824 977 719
alphaeagle1776	1296 920 927 114 931 1096 1270 116 226 285 1114 502 493 482 848 753 248 474 1398 770 465 865 971 984 835
know	874 10 269 1462 406 660 1163 1384 766 1201 877 688 1453 1330 1247 348 1135 966 1242 1011 1015 1322 667 134 955
class	1119 134 209 709 354 163 16 418 632 1076 815 256 823 995 172 1557 551 935 1440 497 876 1341 1493 80 469
right	1489 685 682 668 486 240 919 415 1482 574 1095 881 1523 536 284 772 767 560 201 751 248 900 181 1007 1274
well	1452 400 1426 134 737 1455 593 1353 566 826 16 633 623 285 1270 1106 678 1112 577 647 37 1084 281 466 242
bill	361 71 1248 872 1258 667 327 513 217 1535 105 291 1221 407 1224 1381 766 1444 104 359 923 167 344 435
w	304 1049 693 1036 1310 1022 729 407 260 454 126 1514 733 167 894 745 269 660 643 200 1481 978 771 910
make	1353 512 1357 73 72 875 131 359 666 115 11 627 969 1574 104 450 1463 259 810 327 281 1335 966
us	943 963 1362 820 101 1018 1035 753 751 694 1487 1415 660 120 1116 49 643 1147 1163 267 1473 910 894
american	874 226 1415 1335 425 913 499 1461 167 694 180 1534 1578 283 699 641 1036 867 835 1018 1135 952
day	1257 1278 1012 522 820 733 1150 771 831 470 1530 660 839 429 1442 1135 1474 1043 1380 310 798 838
h	771 894 643 1203 200 910 1310 693 1514 454 1049 260 660 1481 1036 1022 729 745 126 167 733 304
iran	381 1532 1456 120 562 1345 1260 1125 1126 501 225 161 458 687 216 133 1157 1154 164 1141 1140 904
put	1224 1262 420 311 1012 1135 240 598 102 1048 541 1322 1415 572 508 178 1513 355 613 943 267
service	1036 667 431 112 801 507 422 649 221 543 1514 655 1287 1086 402 1501 1128 180 167 755 1403
today	1015 1012 1103 184 1362 194 660 981 16 536 559 1135 260 820 574 271 1227 497 338 632 877
country	786 1119 645 1479 696 1287 1484 823 897 894 1543 1147 1415 707 290 710 655 754 450 296 232
even	512 646 943 689 536 1316 1482 840 685 377 569 1087 356 1489 167 256 367 1055 146 1275 1387
life	1147 1262 1578 660 1558 292 643 546 1353 989 103 1012 128 915 1278 688 449 1473 222 68 466
1	1335 188 826 1210 831 559 2 120 833 834 1380 836 797 837 839 804 222 820 751 1378
go	985 186 1098 1148 646 912 883 717 1567 331 958 254 420 835 1440 342 965 660 971 755
sad	1247 312 417 1514 1473 540 556 574 583 614 658 660 943 969 132 92 1115 1135 1255 1242
let	889 342 659 1118 1240 839 1184 931 355 1163 1247 354 1457 1484 1324 660 10 702 13
obamas	1324 914 875 632 363 704 1440 1447 630 195 746 202 738 1311 361 1113 1322 1543 1043
u	1143 1467 1531 427 521 825 1027 104 1461 466 559 883 563 900 1368 877 329 1482 246
bobby	1043 484 1370 1489 377 449 1056 1050 875 521 258 358 489 383 886 881 150 610 1482
first	1529 735 587 89 400 1248 476 13 1324 1480 1275 423 80 6 876 389 497 267 1345
hands	227 660 690 1513 624 287 1045 1468 1277 569 1289 1322 1332 525 1440 1579 460 912 116
picture	661 390 86 884 748 1104 894 1419 719 64 979 415 973 289 290 477 1255 1211 185
still	1122 555 531 975 68 660 120 1100 667 111 883 1578 544 900 1035 1037 877 406 720
always	643 1257 867 672 1403 1460 1461 827 513 700 377 1562 660 618 751 935 1482 793
former	910 552 469 1514 284 1403 1481 226 613 104 637 229 1287 626 167 1043 1470 894
job	1345 268 16 584 1158 476 180 1168 798 1119 489 512 1019 1180 429 1573 621 627
presidents	735 284 734 599 755 1509 1010 1335 873 647 1342 638 1519 698 167 515 63 1036
say	522 971 546 574 1537 1038 673 1101 910 274 212 1437 583 70 877 1266 814 1027
zacharybarber12	479 40 1315 988 1464 1005 767 194 260 566 399 136 703 43 888 446 890 155
baccooon	489 875 258 383 881 1050 1370 521 377 886 150 358 1043 484 1056 1482 1489 610
bad	877 1060 1059 1474 348 400 274 1071 717 1160 1107 115 740 1147 1351 1340 1558
much	1015 658 1383 467 280 1270 428 470 1163 307 134 336 1464 1135 366 48 16
must	546 573 599 1340 613 627 267 1351 292 1163 284 353 1381 1035 1383 825 311
really	282 614 1015 476 415 400 276 1388 1440 540 180 979 1291 1342 1453 1519 1544
get	736 985 372 128 1163 466 13 1004 919 1345 1353 572 1056 889 1474 523 558
hate	366 23 328 399 1316 707 1531 1156 703 612 957 1302 1275 771 1005 890 1012
world	702 333 336 1362 867 1247 53 1142 403 952 574 1227 1345 133 660 1397 1211
🤣	863 265 370 1010 784 489 1021 474 465 1226 506 1025 673 140 1280 1299 1283
could	956 1150 658 758 113 196 1403 290 969 819 913 533 134 694 1488 587
hearts	1277 508 704 287 460 660 574 766 1332 624 690 1513 1224 643 1579 1468
michelle	719 439 1023 1381 377 361 669 240 105 615 317 494 1236 1440 612 389
usa	1077 259 267 840 1335 478 989 1388 471 282 889 187 609 629 1243 614
way	781 1472 1316 900 995 383 1531 400 562 1335 114 427 498 1035 1168 954
wrong	372 469 140 43 923 809 337 97 900 248 1404 1022 566 383 55 1104
yes	1436 533 568 506 652 569 1473 393 1452 793 951 202 484 1103 814 840
best	1366 777 476 885 272 1045 1504 755 786 660 229 282 459 232 1435 1325
change	216 904 1532 1157 164 1154 161 687 1403 1141 1140 1139 225 954 1126 1125
come	1104 1408 874 184 498 1346 533 1578 1201 689 1181 1165 290 1479 1100 660
ever	777 1484 883 795 449 885 1271 272 331 1531 723 830 134 438 722 459
going	476 1540 540 1548 1021 466 47 685 1463 751 614 181 1150 56 163 291
got	122 514 1531 1380 411 495 248 423 541 1035 537 808 668 1274 1529 358
maga	414 295 37 926 93 319 1375 228 16 1150 996 48 777 852 779 683
please	1070 650 662 839 159 894 653 706 657 1401 985 637 826 733 271 1063
think	1048 103 114 1011 958 717 538 710 319 908 771 573 1335 1296 1100 1043
years	331 1087 900 406 1340 971 954 1100 877 883 180 696 367 660 798 89
🌹	364 976 52 663 224 1425 173 323 343 234 401 189 1080 54 1555 90
43	1022 978 869 1415 477 894 221 1168 372 498 504 302 910 729 1310
face	386 1283 407 558 1294 439 697 1341 933 772 416 370 646 143 506
history	1255 757 1578 1142 1103 815 1087 867 133 631 1279 835 331 1240 608
need	1380 10 530 267 329 1548 104 629 646 1160 1134 717 1490 1096 1543
r	559 614 1552 104 1531 674 595 521 21 693 1469 1089 427 175 179
help	329 706 662 660 381 1009 466 1056 300 657 694 653 163 650
myhippieplace12345	1077 883 1457 714 966 567 707 756 1302 958 954 642 969 717
oh	839 259 1423 410 723 358 1473 784 1015 1087 951 680 1276 1005
regime	1140 904 164 216 687 161 1320 1157 1154 1125 225 1126 1532 1141
act	418 815 80 1233 709 823 551 559 1473 1493 1076 935 163 172
away	444 614 254 466 947 1257 107 751 1046 248 1315 367 889 660
donald	471 952 1389 476 1447 248 1320 878 159 1487 104 1100 167 968
evil	1087 444 877 900 327 459 793 771 330 359 386 554 367 830
f	1254 1515 231 1358 749 1526 1265 852 712 1079 30 76 1581 419
